25.055
53.208
38.662
46.784
83.267
62.119
89.748
81.607
45.012
41.649
47.792
28.734
58.611
60.278
71.331
49.419
80.156
33.020
82.573
27.619
31.756
48.181
48.168
62.926
62.096
75.285
54.785
67.654
63.416
93.888
64.940
95.043
100.974
61.887
75.281
78.580
56.787
85.170
54.887
73.252
79.947
52.246
66.320
52.469
66.884
74.569
50.992
84.248
31.586
69.273
80.809
35.090
67.602
36.876
61.093
69.440
87.881
56.858
84.922
18.717
58.978
34.257
61.101
36.885
103.617
83.964
91.537
91.516
60.206
72.451
58.666
65.003
65.433
51.019
90.352
72.790
60.163
82.492
63.990
41.792
65.295
48.026
51.669
57.745
59.328
30.474
89.929
69.060
79.109
54.026
61.474
75.726
99.462
91.448
84.644
62.594
74.214
50.349
82.597
51.890
63.190
68.583
60.803
97.338
52.510
96.855
32.908
74.898
29.051
50.038
37.704
47.165
51.766
48.925
60.014
58.613
53.421
77.776
37.837
70.846
33.826
83.180
48.730
82.713
69.387
77.610
96.626
43.065
65.967
69.851
30.163
39.745
45.483
50.178
38.990
45.590
67.920
53.307
57.388
29.140
40.745
57.179
59.778
72.037
66.126
54.732
49.812
49.423
51.717
52.152
37.802
70.007
31.686
50.432
24.406
47.235
20.518
43.373
24.855
49.354
20.918
43.765
66.508
55.013
58.116
69.474
45.419
52.443
64.975
91.280
59.814
48.670
41.979
50.009
36.375
71.117
68.417
40.520
81.697
48.483
78.085
60.049
61.971
46.821
77.827
68.606
57.476
100.116
46.806
104.326
39.199
76.259
52.001
77.083
46.666
54.465
63.464
63.853
71.383
37.956
44.027
59.471
63.470
75.792
72.040
51.383
67.192
44.940
63.077
67.300
55.738
76.961
37.520
39.911
44.765
52.295
58.277
78.506
62.009
80.158
23.784
62.041
22.803
47.131
64.499
88.378
90.065
80.737
83.166
61.617
47.714
47.346
49.840
71.148
53.243
91.215
62.193
77.098
42.183
38.171
29.327
60.961
43.001
69.665
38.900
59.583
44.583
62.513
63.012
54.542
54.366
37.885
32.601
36.600
54.294
39.722
49.864
74.113
23.706
67.931
65.861
74.484
78.925
73.482
35.130
71.968
53.933
78.110
71.165
78.349
40.151
65.797
8.399
48.751
42.015
90.198
74.893
54.448
84.237
57.113
70.829
78.629
54.752
63.797
41.963
56.258
49.534
54.300
43.397
58.241
69.986
34.958
46.257
32.384
61.492
60.922
76.777
56.778
56.144
88.751
50.645
89.376
60.145
73.707
71.449
67.820
64.429
86.351
39.109
64.459
51.588
45.694
67.127
69.075
69.535
69.098
59.402
70.042
44.567
56.178
77.044
44.150
84.022
70.642
65.896
75.263
64.115
63.794
43.724
60.587
88.111
72.996
81.842
94.049
87.143
47.524
81.512
30.440
49.088
43.574
49.562
36.500
56.256
80.720
25.548
76.052
69.574
48.639
85.031
53.165
70.229
54.614
82.041
51.645
60.189
89.196
91.615
110.358
57.957
53.521
62.730
72.842
63.255
71.127
66.733
39.490
63.923
44.748
24.456
51.387
33.665
62.707
28.944
66.218
76.762
80.977
82.668
74.559
82.719
55.901
59.183
61.302
43.628
47.296
59.412
90.363
54.080
85.651
41.450
53.138
62.182
49.386
85.482
49.711
58.790
87.228
48.815
63.604
38.890
59.306
67.636
54.913
52.063
45.397
65.754
44.674
70.299
47.963
54.219
50.100
23.226
60.537
56.479
66.738
69.496
54.212
56.285
39.194
65.506
49.149
51.064
61.670
59.095
68.463
73.295
71.997
88.612
47.273
57.882
91.834
53.442
98.289
72.567
83.004
61.260
74.902
51.506
62.173
36.860
63.467
43.847
39.978
69.310
51.511
52.323
67.125
62.424
76.728
64.445
89.060
67.181
89.591
37.324
71.493
25.844
89.497
44.416
88.915
73.260
59.254
72.648
57.247
60.021
86.576
35.650
88.975
79.384
56.026
61.003
78.986
13.859
50.458
33.175
38.583
49.006
44.465
80.621
84.707
71.892
65.696
44.487
85.155
27.298
69.837
63.393
84.515
93.634
76.609
55.003
46.394
39.708
60.504
72.953
74.148
86.930
91.277
80.829
96.556
65.003
58.817
55.544
39.683
59.553
65.739
63.650
57.950
61.044
38.079
42.725
39.098
14.694
26.272
68.704
50.102
61.331
67.942
67.901
88.800
55.966
66.251
72.537
60.915
63.956
88.137
65.752
62.775
62.292
54.426
47.168
55.492
32.188
55.917
33.455
78.958
54.071
53.570
77.502
56.617
80.882
48.903
44.784
43.794
82.867
50.566
88.156
64.735
60.362
85.881
73.814
60.041
86.222
40.714
82.790
51.059
83.180
71.205
51.872
52.522
30.008
34.740
51.709
76.347
48.481
54.150
67.762
32.999
92.323
70.682
55.834
57.022
65.343
73.437
56.199
72.666
50.776
55.805
53.366
72.087
59.104
91.587
78.838
72.111
55.502
37.423
70.019
32.963
64.352
39.891
53.011
39.349
66.429
26.598
81.765
32.611
76.708
58.531
50.603
59.588
51.681
47.191
42.032
11.165
60.647
41.789
46.710
45.079
54.514
86.214
42.212
95.640
76.163
84.714
63.920
58.680
53.376
63.265
48.738
49.965
63.991
47.629
45.787
58.469
50.424
73.319
70.564
54.743
53.499
60.001
39.984
49.437
69.196
48.626
54.429
51.029
62.157
63.759
38.604
96.517
61.297
107.283
37.453
61.221
44.393
81.896
67.415
68.132
83.572
55.251
110.328
52.525
67.590
62.071
34.936
55.929
60.658
29.600
76.434
61.904
72.553
61.751
55.800
84.052
85.927
60.700
85.342
86.002
71.105
111.011
32.770
57.411
40.832
60.844
88.247
71.118
103.691
44.681
59.662
42.975
70.317
61.705
80.007
75.344
84.079
71.403
74.878
98.597
69.965
55.182
35.753
58.365
36.192
65.817
38.077
47.713
51.428
43.794
75.720
36.638
86.661
72.748
91.118
55.620
42.442
38.885
55.182
55.652
37.450
43.167
67.911
35.471
38.998
38.830
33.300
35.233
43.519
44.685
91.690
84.007
102.694
65.324
40.782
34.156
14.563
63.557
36.365
69.347
68.740
50.364
76.686
80.432
60.167
65.384
39.606
82.076
52.710
72.938
74.335
52.442
76.211
44.600
68.557
97.567
72.969
55.796
63.919
7.063
33.956
44.691
25.673
56.613
41.352
50.905
45.724
30.184
30.855
73.510
43.753
51.363
49.825
53.851
66.721
45.277
78.938
48.879
83.623
58.124
74.486
44.860
82.776
54.688
78.626
70.401
68.701
49.737
36.667
42.526
44.283
30.630
98.723
31.983
101.865
36.440
86.318
58.060
61.813
80.649
54.585
60.739
48.039
34.467
47.767
59.679
49.285
80.462
87.344
43.213
58.274
27.751
58.407
76.510
81.947
61.620
78.989
41.887
28.147
31.508
29.145
34.132
37.364
67.738
19.848
57.715
24.484
54.221
64.084
23.199
59.163
46.890
65.137
64.047
57.139
63.510
69.167
51.995
88.486
69.089
36.195
64.043
28.225
40.286
38.607
85.820
46.776
68.228
57.411
73.251
56.805
70.265
32.577
50.811
54.476
45.058
76.059
53.250
72.691
99.754
34.158
72.922
61.410
57.550
67.899
73.663
62.155
64.959
80.318
76.514
80.983
37.522
43.165
9.809
54.383
38.190
58.950
17.888
88.841
56.572
79.884
83.115
52.611
83.973
43.340
70.890
39.606
69.934
70.744
66.509
68.190
55.529
79.066
55.238
75.185
34.093
27.786
44.986
50.786
62.457
96.722
57.998
106.398
40.012
66.640
27.132
71.649
58.608
92.323
72.534
73.116
102.849
29.406
64.543
54.192
79.065
27.115
72.138
49.256
99.206
51.540
87.380
59.169
61.872
59.021
61.227
61.978
69.463
84.105
69.452
79.580
31.414
49.196
55.090
32.319
86.225
42.122
48.961
62.090
62.193
45.537
83.276
37.088
83.387
46.599
68.556
52.621
58.854
47.207
47.630
64.504
50.949
59.773
33.066
35.080
39.995
54.872
74.442
82.213
60.607
65.409
51.518
51.353
46.502
57.977
74.026
43.163
84.329
54.683
85.416
82.630
82.047
55.437
82.542
44.623
73.085
41.011
74.765
32.683
54.257
60.782
49.231
80.544
37.644
67.755
67.867
73.345
92.623
82.152
68.735
52.805
42.128
32.731
90.012
39.142
91.524
57.794
58.369
90.688
49.652
78.407
64.314
63.948
72.059
36.684
48.076
42.774
64.297
74.195
55.293
57.232
73.356
68.518
89.405
90.490
78.768
55.979
29.831
80.265
28.860
62.010
62.464
40.753
53.761
62.584
34.086
75.663
80.907
65.565
74.726
48.608
59.654
70.893
89.437
102.324
73.696
67.935
83.812
33.724
70.396
65.105
51.546
67.331
63.474
44.494
61.898
76.788
67.283
57.912
95.696
31.497
93.077
49.364
38.598
92.924
33.927
63.231
41.399
69.493
77.830
81.734
82.467
72.242
63.648
35.475
41.815
68.546
48.051
82.741
46.863
83.264
67.947
58.194
86.276
51.316
78.962
73.525
75.029
82.385
59.312
84.038
45.884
63.916
66.967
45.707
49.551
50.505
47.725
64.579
70.780
51.799
87.500
28.701
80.754
79.395
65.468
71.344
66.381
52.746
45.484
53.469
54.630
50.207
55.094
40.900
67.575
58.741
44.641
78.987
41.866
62.057
59.638
38.443
71.392
57.227
85.199
74.988
75.254
40.129
72.553
13.020
54.657
47.551
32.660
67.794
65.673
44.468
50.715
51.695
17.598
29.162
41.951
42.042
18.218
41.577
43.815
49.492
59.198
68.575
44.040
50.321
53.265
45.166
78.466
33.369
55.080
41.038
42.033
31.140
15.179
39.062
31.753
46.863
27.888
52.180
20.695
37.401
66.564
22.637
43.276
65.306
43.677
89.378
51.102
77.728
42.190
26.339
45.509
62.696
39.527
72.898
29.673
45.827
45.830
39.325
65.124
54.899
58.316
65.347
67.000
42.655
69.165
59.037
40.661
68.037
57.956
70.498
63.384
74.710
64.687
55.882
101.622
73.930
108.133
72.075
82.583
45.339
60.415
63.720
46.301
88.670
40.295
88.043
48.472
66.526
64.932
43.310
38.025
39.374
32.003
79.093
69.912
68.602
65.144
93.756
46.343
77.620
60.860
53.666
55.296
14.783
73.462
39.909
53.153
67.921
35.027
64.780
37.644
67.942
54.192
87.964
54.042
55.548
33.353
41.361
60.569
60.805
39.744
73.200
32.612
56.494
33.984
76.701
28.922
80.670
30.107
82.146
30.836
54.819
45.158
67.603
72.248
61.541
74.555
39.342
78.209
33.265
56.466
32.876
57.122
45.850
54.293
46.854
45.441
57.879
59.398
73.792
91.563
72.296
80.477
76.876
50.751
77.169
62.451
88.161
53.606
94.434
81.558
77.921
52.720
60.933
68.861
60.595
46.702
39.606
21.171
46.845
28.498
72.477
42.976
72.027
31.276
79.308
30.131
93.012
52.519
79.598
75.094
100.510
87.579
66.766
82.752
61.234
49.085
68.612
41.827
72.934
83.082
51.388
64.692
23.616
51.312
63.183
66.826
77.215
46.535
83.189
71.737
72.457
89.564
67.126
55.693
61.123
40.129
26.063
79.424
17.950
58.123
43.097
56.372
68.239
57.211
85.719
64.190
82.849
46.656
71.336
65.290
28.611
64.099
31.530
84.254
43.411
62.489
71.433
66.839
55.243
104.187
80.888
84.911
93.668
58.280
79.515
86.457
80.036
68.367
51.287
74.355
54.444
83.862
64.145
91.437
86.334
69.144
55.241
77.510
38.280
66.289
52.592
60.873
52.750
65.325
35.641
49.969
39.240
32.517
77.415
56.700
66.832
92.630
55.012
90.834
40.268
56.173
24.880
61.799
48.728
58.012
88.361
43.680
70.189
63.589
77.456
90.067
91.321
63.999
56.414
64.205
37.301
63.353
39.645
45.559
53.107
78.229
61.406
66.902
60.985
47.051
62.056
76.262
39.479
104.860
25.730
104.577
64.684
63.491
43.536
62.371
41.148
73.537
46.566
75.836
59.088
42.496
59.632
47.693
76.283
62.836
82.606
45.571
58.527
61.184
46.129
64.898
38.358
85.038
66.417
49.024
82.868
58.247
51.062
59.336
71.614
35.015
41.042
65.536
35.262
63.200
54.875
54.140
42.277
61.548
64.334
58.588
57.297
74.647
77.938
73.356
79.694
57.600
64.963
55.562
40.905
68.919
45.809
43.847
22.579
40.893
73.361
38.322
56.973
43.267
74.886
45.673
59.099
44.819
47.413
42.530
68.739
66.792
54.017
72.435
59.141
53.470
41.601
57.476
36.632
68.167
71.339
60.837
47.188
81.504
50.842
88.634
64.078
65.669
46.417
32.425
30.805
59.394
25.982
70.626
31.911
101.013
42.505
54.039
17.428
59.057
33.076
48.123
31.937
41.705
54.486
51.914
73.720
60.111
67.916
57.619
68.876
72.643
52.965
75.180
50.927
72.620
54.544
48.614
44.013
50.287
67.352
60.319
90.170
58.795
82.589
26.427
76.467
54.764
71.203
67.660
50.791
59.372
71.996
85.886
66.158
70.605
46.281
94.859
57.748
62.723
43.137
34.773
33.950
35.404
38.660
29.592
70.645
60.313
66.787
69.671
88.160
49.555
50.312
59.477
37.092
71.062
27.080
64.763
48.666
43.436
35.258
36.663
24.237
47.955
55.641
57.176
50.422
65.349
57.135
44.496
62.895
49.398
42.312
49.079
70.059
52.717
80.097
40.442
58.401
73.854
43.123
70.215
51.242
79.183
77.222
69.820
51.786
55.406
51.016
55.990
47.036
29.669
71.056
52.427
67.438
21.078
57.181
28.868
52.787
61.924
54.384
34.806
62.773
54.502
75.233
59.079
84.525
76.219
74.353
70.628
35.554
57.172
75.785
76.963
85.316
68.541
60.374
53.579
78.257
45.265
89.276
55.205
62.269
46.763
59.273
52.790
45.969
61.114
69.830
30.018
70.326
55.004
64.032
81.531
34.529
88.380
62.523
81.937
62.356
49.287
65.475
68.849
39.747
55.497
43.004
68.111
52.077
94.053
41.277
98.132
74.816
50.117
65.644
66.579
56.909
77.447
67.567
59.118
67.173
47.492
67.756
92.338
54.623
61.570
62.969
60.191
90.678
81.670
75.050
70.434
60.559
80.188
63.859
64.979
59.333
43.686
66.699
52.524
73.262
59.028
50.469
88.479
44.442
73.218
44.588
47.097
50.900
45.245
37.271
59.664
50.753
30.156
63.853
71.392
35.835
62.336
44.178
53.238
80.112
45.771
107.511
37.095
92.995
37.272
81.331
33.513
66.892
66.264
16.143
43.637
30.327
67.025
63.707
51.886
62.328
89.637
71.532
66.009
73.477
68.943
68.034
102.998
38.888
89.727
10.957
69.584
38.734
26.305
65.174
52.573
60.529
69.783
63.913
29.269
70.133
38.048
69.318
54.043
85.217
53.537
68.424
86.851
63.029
92.814
39.550
48.158
78.266
16.920
61.198
44.098
62.067
60.564
60.233
46.345
26.727
63.905
38.946
58.944
43.232
46.216
66.343
68.601
78.734
68.383
89.819
55.313
55.718
51.965
59.333
46.976
74.032
91.305
68.060
72.036
64.841
57.522
71.701
48.780
54.434
50.236
59.859
66.037
53.323
52.590
84.471
37.829
77.957
55.558
90.112
61.474
94.364
23.451
72.387
57.709
71.399
53.144
79.695
52.518
68.513
46.590
88.186
42.323
46.573
45.630
44.760
80.452
53.345
69.280
78.501
81.451
62.136
71.253
58.799
63.356
71.084
45.547
84.723
56.564
51.973
47.353
71.829
60.955
89.813
81.054
63.605
37.866
61.531
78.842
45.268
79.701
33.336
60.077
47.076
46.444
71.194
48.016
76.125
67.987
80.471
65.773
72.227
35.256
90.012
72.422
67.073
67.089
58.722
69.817
76.906
73.974
49.623
75.524
60.142
81.592
62.461
74.968
64.726
78.693
57.095
62.989
27.892
85.873
38.223
70.970
47.809
42.647
51.364
52.198
72.240
47.482
71.137
48.867
63.896
64.864
68.152
78.877
35.095
47.068
26.739
29.074
31.661
52.080
39.905
63.547
57.823
52.768
69.597
65.774
69.151
78.122
68.871
91.914
56.608
85.784
37.506
56.052
72.217
63.424
57.087
90.055
76.322
70.268
92.251
65.321
79.545
57.486
55.015
46.199
54.908
84.336
73.056
68.455
65.136
58.683
60.434
67.430
40.140
68.115
51.284
48.244
61.473
61.177
48.970
58.168
60.187
37.856
73.730
41.598
97.713
64.962
79.839
49.268
42.086
47.926
45.081
60.784
49.067
79.325
58.634
25.195
52.200
32.278
39.716
72.202
47.480
57.079
68.153
34.316
87.609
83.097
32.918
112.973
51.225
77.307
53.238
76.208
45.266
62.625
64.690
41.475
72.464
47.228
50.520
30.569
48.599
51.608
78.970
61.134
58.431
91.269
58.086
95.851
53.141
72.782
52.425
46.338
41.076
61.639
57.219
64.691
70.841
67.226
63.900
68.997
92.219
104.045
93.377
98.324
72.971
53.082
74.487
77.938
87.010
100.532
73.963
90.389
37.447
75.542
39.816
52.717
48.167
48.754
54.849
72.310
76.317
61.555
81.056
44.425
78.185
67.750
39.078
76.664
28.540
43.044
45.256
71.196
38.180
74.608
32.219
85.888
42.248
81.291
78.309
98.359
61.145
97.272
38.224
75.919
35.204
87.491
48.383
93.717
63.753
60.743
61.772
74.784
40.872
79.378
59.716
58.264
70.885
48.561
50.293
35.977
41.077
44.455
66.289
54.360
82.183
46.709
64.801
69.142
55.296
76.556
77.553
93.571
65.176
51.394
51.568
26.786
34.137
43.403
47.406
42.637
44.416
42.686
42.249
63.025
62.669
65.812
56.769
34.731
41.410
52.366
62.923
74.608
66.207
68.793
100.721
42.816
88.584
64.213
69.803
66.849
86.930
64.956
64.512
33.071
45.233
61.585
70.458
59.106
60.900
62.922
59.810
79.384
26.347
96.580
13.126
78.384
38.160
79.777
39.674
41.051
39.698
24.544
42.608
51.209
48.612
79.984
73.833
40.283
69.508
66.874
71.310
98.457
81.124
68.866
78.767
61.303
67.914
53.157
75.078
61.922
75.851
84.104
83.292
85.023
69.767
72.788
31.398
100.623
51.299
60.574
75.499
80.525
89.201
48.561
73.974
36.511
62.417
57.363
55.563
68.901
72.060
67.513
74.417
79.933
65.634
50.103
42.707
29.505
39.008
71.344
55.303
41.948
61.065
18.468
50.442
82.136
58.899
70.121
51.222
70.431
54.289
90.324
68.070
92.798
72.834
80.731
69.509
51.798
58.420
70.077
68.707
75.156
78.210
75.950
57.166
63.844
85.947
59.687
73.273
37.629
52.480
60.080
81.713
63.003
74.110
43.210
81.717
56.308
51.199
40.793
60.437
25.764
62.044
59.025
55.524
76.449
58.015
66.635
94.568
69.411
66.224
70.230
75.729
54.212
61.549
51.338
46.514
57.481
56.866
72.734
68.039
83.693
57.615
39.227
45.328
74.493
69.504
103.512
63.261
90.576
72.071
65.076
56.993
67.626
71.750
61.652
74.766
56.832
94.077
54.778
72.579
56.365
40.220
59.435
50.793
47.523
30.288
78.515
35.558
71.904
24.214
62.668
60.795
63.655
71.102
75.020
28.752
45.709
69.539
48.894
68.506
56.321
62.784
77.466
35.996
89.250
48.882
61.239
43.821
79.585
52.810
71.593
73.476
91.239
35.197
71.986
56.212
59.086
76.455
74.245
85.661
68.023
74.985
52.941
55.621
31.317
39.570
55.465
43.154
47.765
39.011
70.011
54.328
52.105
61.786
34.226
36.523
45.739
70.358
51.746
36.093
44.625
25.746
62.400
17.855
52.355
38.602
59.971
43.571
80.415
51.143
81.769
65.754
73.089
40.070
56.022
58.193
39.105
42.720
75.403
44.405
63.796
39.965
67.055
88.658
42.396
89.141
49.337
47.875
48.655
52.505
38.676
47.735
51.851
57.517
62.057
44.626
72.135
42.852
42.761
45.458
21.269
62.665
37.278
32.019
63.410
44.822
76.928
88.016
60.612
54.551
69.823
64.571
74.095
77.705
59.231
49.304
62.677
46.061
72.268
49.476
75.676
65.696
72.539
86.039
79.202
83.848
49.447
57.795
36.112
42.223
53.616
43.692
46.225
52.428
63.495
51.782
47.309
78.964
37.990
87.831
47.840
36.696
84.636
37.243
69.104
45.989
39.612
49.749
51.387
80.845
76.392
85.310
44.407
96.833
35.236
84.029
29.346
73.095
40.884
80.400
40.309
91.274
73.692
86.119
84.294
74.822
62.631
68.749
45.423
62.264
21.545
70.034
31.620
73.904
91.189
67.270
80.502
45.838
74.916
86.662
52.361
88.900
21.731
36.183
55.577
38.648
96.985
76.118
48.702
80.077
54.509
65.879
68.440
53.187
33.951
56.298
13.833
61.573
43.228
60.192
53.960
93.800
53.947
80.581
42.701
63.873
23.993
64.980
47.485
77.856
78.151
77.782
31.115
73.932
52.835
64.507
54.374
81.174
62.111
74.592
78.431
74.080
54.385
92.251
53.095
65.631
54.978
58.835
19.267
69.628
43.393
53.465
48.890
49.466
22.273
43.085
35.473
18.107
74.772
15.664
55.693
58.817
34.875
42.077
43.917
73.282
59.718
49.312
58.395
50.392
82.550
50.391
71.868
46.353
89.998
59.812
92.825
58.301
70.545
54.583
55.221
72.702
53.230
71.179
80.567
50.998
61.564
59.471
44.243
55.965
38.886
58.376
44.522
72.735
69.011
80.622
70.369
62.443
85.770
66.645
48.585
32.260
24.035
20.921
68.477
31.034
74.569
80.358
86.831
64.287
84.614
30.130
57.246
89.850
69.695
97.777
52.178
42.952
38.872
33.302
44.478
50.541
56.975
60.134
28.040
57.707
45.685
42.650
42.293
34.680
74.899
47.543
99.483
43.986
79.895
50.610
69.751
60.513
83.257
36.622
67.780
17.951
53.595
17.577
62.880
37.638
60.423
37.264
81.555
38.148
57.986
52.111
69.813
61.635
72.033
46.864
76.182
68.840
37.194
79.194
30.896
56.498
38.260
48.415
76.874
48.355
52.577
75.905
38.532
73.029
42.274
59.191
81.260
31.948
72.397
58.275
62.281
45.726
60.784
29.125
72.217
44.544
23.259
58.176
59.258
28.027
87.266
37.904
77.968
48.089
80.735
42.894
68.794
63.694
80.922
65.560
68.917
74.384
82.311
45.626
85.408
34.081
72.199
48.854
76.918
101.375
60.588
70.141
57.157
53.136
37.407
51.343
42.880
86.457
46.051
62.834
57.749
35.246
53.045
27.140
72.935
64.815
67.994
64.893
74.468
63.522
41.265
60.212
22.403
56.727
54.846
62.861
92.314
58.476
56.950
70.729
46.545
65.341
40.383
64.638
54.776
70.276
80.346
76.500
81.440
43.358
86.960
24.906
87.100
67.571
75.237
85.311
51.698
59.914
28.198
86.771
12.613
89.271
42.769
69.999
52.133
40.499
48.281
23.083
59.115
58.812
47.922
82.154
32.932
53.895
17.628
68.624
23.526
70.275
45.972
25.509
45.668
15.500
23.965
40.465
41.459
63.325
80.279
73.029
59.751
43.268
86.527
55.261
61.978
72.669
55.856
55.861
61.614
61.695
55.996
41.375
62.288
72.104
54.900
70.027
62.870
51.888
61.808
51.671
37.362
75.872
25.964
34.451
54.078
52.105
87.533
70.201
46.087
80.116
72.602
55.169
67.826
50.832
38.127
49.668
49.730
63.349
70.645
59.258
60.354
63.983
49.745
38.404
42.176
31.669
22.896
53.490
46.077
64.364
44.769
64.454
40.392
75.430
43.465
59.367
70.502
40.864
67.061
70.538
51.105
47.595
54.987
45.603
47.392
89.510
38.177
74.084
55.651
48.556
56.966
52.126
30.804
90.394
23.251
104.204
44.805
73.213
62.355
84.482
91.038
78.138
51.726
62.058
57.082
39.846
91.684
28.172
52.957
56.782
82.705
70.960
80.808
45.949
58.868
56.209
56.627
57.458
65.265
57.804
74.462
54.639
74.133
54.811
60.456
49.884
41.388
52.903
64.848
66.463
79.593
62.770
78.762
60.398
92.496
53.939
71.028
46.452
69.544
40.604
39.176
53.223
60.584
39.530
55.265
43.172
47.782
67.203
61.466
105.841
81.233
119.875
78.113
71.309
50.895
57.882
75.493
70.063
59.320
62.928
50.212
60.027
29.133
63.593
38.210
72.922
54.645
46.541
54.940
57.689
54.900
54.471
47.601
55.948
69.012
41.410
54.319
37.507
59.215
22.222
68.590
40.544
97.372
43.946
102.700
67.416
65.488
66.549
57.241
49.026
71.596
35.281
88.348
36.780
83.708
33.900
74.931
70.213
67.249
57.622
64.127
86.499
56.442
83.060
50.927
50.310
64.643
49.032
29.053
59.097
70.601
48.684
54.521
68.913
78.202
77.250
94.397
52.568
93.237
55.324
77.259
69.329
68.138
29.922
39.708
41.331
32.286
46.204
15.950
81.883
43.370
57.043
36.448
52.845
41.785
88.006
51.761
58.829
45.537
63.267
20.038
51.496
33.090
51.261
63.032
47.749
69.537
41.278
37.286
27.819
39.528
61.926
60.231
91.895
84.265
45.961
89.573
62.504
93.709
94.714
55.617
66.067
29.272
39.117
33.117
39.999
33.748
87.242
59.861
86.070
55.307
27.611
56.792
30.374
68.606
49.564
43.083
51.385
40.408
68.872
46.191
76.574
41.858
54.507
33.106
63.558
82.852
89.756
105.972
68.160
73.687
83.845
52.070
92.615
71.346
93.468
82.011
46.428
72.680
14.909
66.673
7.941
61.401
19.295
80.508
47.737
63.195
72.568
94.527
73.760
66.405
98.324
52.822
70.101
51.835
51.788
86.593
72.877
80.417
66.590
38.382
61.621
75.107
83.384
89.812
79.454
76.161
84.878
66.392
89.660
70.266
87.326
58.354
82.499
41.186
81.825
49.362
64.896
62.134
67.568
98.914
64.966
79.416
37.511
75.209
49.818
26.055
42.194
54.678
49.577
57.303
33.327
46.399
23.692
78.992
76.573
91.856
85.864
86.337
52.489
83.051
34.221
67.534
45.607
56.500
40.492
75.528
54.165
64.285
49.631
46.923
53.051
58.425
60.827
74.222
49.202
82.718
69.791
31.550
76.739
36.635
72.037
50.436
73.226
52.941
78.509
73.336
43.452
69.224
17.715
52.919
75.530
41.754
80.743
47.775
69.789
66.256
64.272
52.152
31.222
26.238
34.228
47.954
54.244
58.397
63.166
72.371
59.254
51.015
81.741
60.557
58.620
81.237
47.819
80.024
36.820
71.554
77.794
39.471
81.075
44.217
82.192
51.376
54.681
66.064
68.545
44.262
74.508
69.426
51.700
42.425
20.910
58.242
41.615
82.020
37.294
62.114
82.445
51.052
71.231
62.237
63.254
95.162
35.545
77.974
16.260
63.977
72.519
75.169
63.259
54.564
60.487
55.548
61.840
78.942
47.536
75.926
65.890
65.671
66.718
26.392
80.972
65.494
79.015
45.845
63.596
52.463
49.609
41.290
34.989
72.015
24.020
51.348
40.830
28.894
65.856
36.125
62.826
50.239
64.625
65.873
83.649
59.376
47.903
33.071
39.764
29.408
46.469
42.590
61.128
44.467
84.235
54.454
59.704
93.695
44.573
89.752
60.750
48.018
48.888
32.192
44.358
65.108
73.604
59.541
76.408
56.237
64.656
52.675
76.804
85.055
73.988
79.247
58.743
90.692
48.760
59.551
63.219
49.211
39.609
29.090
57.350
62.644
60.503
87.242
38.689
54.595
46.321
26.058
50.591
78.410
32.158
87.688
81.128
76.083
89.005
65.417
66.290
44.701
55.523
94.763
40.506
88.676
63.572
70.663
50.238
86.049
55.915
56.203
49.797
52.230
58.771
65.690
34.785
50.776
83.557
79.103
91.000
76.700
75.015
49.331
56.823
40.315
72.609
44.326
44.309
44.948
21.622
28.859
38.454
41.622
45.155
70.787
62.058
52.701
32.757
73.806
40.650
73.995
87.963
62.079
50.793
66.538
16.917
76.559
42.877
67.227
47.212
64.483
32.498
43.580
38.169
30.921
68.484
20.269
64.179
75.603
77.168
83.854
66.817
67.883
67.557
46.441
49.440
59.342
79.905
83.470
82.400
75.339
67.965
56.678
67.666
19.290
93.789
40.713
83.115
54.009
48.788
66.112
70.327
70.182
88.731
66.477
75.796
70.555
93.967
64.471
59.500
63.357
46.507
91.244
66.682
58.382
67.604
21.322
46.467
27.019
60.553
71.654
55.639
57.498
78.814
51.041
109.532
76.618
59.099
85.426
31.757
78.509
30.756
58.349
48.270
63.731
82.323
66.085
36.752
66.261
62.711
91.459
82.703
110.873
65.846
84.421
59.984
65.813
48.659
52.593
44.201
74.430
83.626
81.705
74.265
79.153
58.145
86.474
41.139
74.219
47.163
69.914
70.445
59.338
52.631
66.378
68.056
53.530
52.586
44.151
56.661
59.193
94.020
70.918
64.667
54.035
51.601
55.081
73.764
73.347
56.356
59.818
39.356
63.521
61.193
57.740
66.036
42.521
71.386
59.548
71.489
73.038
69.783
27.273
57.270
52.987
78.149
33.134
77.242
48.134
75.278
37.615
98.661
21.840
64.035
54.060
47.426
36.205
58.422
57.293
37.694
34.051
67.812
42.401
76.984
68.562
44.533
49.274
62.552
64.303
83.132
61.547
56.426
56.407
32.490
82.442
61.529
47.549
55.615
64.752
78.822
50.643
67.767
54.093
75.440
64.166
60.232
80.219
55.594
79.300
40.976
97.418
23.239
76.369
37.196
64.545
65.155
72.633
66.995
65.385
76.757
54.060
54.690
49.679
42.803
84.979
69.549
87.022
88.144
72.270
55.947
51.794
41.239
66.352
43.644
67.833
35.439
53.027
51.068
44.496
65.776
54.184
65.517
58.044
74.901
54.448
81.049
71.408
93.115
46.202
74.451
19.080
41.631
23.155
61.460
57.505
61.180
90.552
93.075
68.031
70.488
85.666
58.260
58.253
68.442
54.796
69.797
54.344
48.643
62.241
71.440
56.270
65.181
41.506
52.734
11.906
66.701
57.030
66.379
103.043
53.251
52.087
76.604
59.764
68.672
52.530
92.508
27.263
56.924
58.274
56.810
89.500
51.586
48.840
44.643
71.839
53.197
64.958
97.427
62.380
81.021
41.645
66.574
57.101
95.178
80.816
60.853
87.844
68.609
90.368
66.033
63.308
65.544
87.462
73.644
90.758
50.988
42.152
44.206
74.927
78.461
62.651
95.923
78.597
67.756
70.260
82.668
67.242
71.995
36.055
83.315
12.203
72.057
46.652
92.094
49.791
94.408
48.560
79.383
61.487
80.469
81.328
70.271
75.889
57.524
57.784
55.816
83.514
62.710
66.254
93.118
50.683
84.585
59.509
78.106
73.793
53.209
82.845
49.474
69.984
40.478
65.356
35.146
83.640
51.802
32.257
39.290
37.572
72.410
75.556
61.940
60.775
64.060
32.163
65.303
57.388
59.361
73.990
67.106
51.207
56.012
83.795
42.422
76.489
83.703
81.017
84.730
97.087
50.673
95.706
55.859
62.020
57.314
70.104
69.566
61.565
59.334
40.659
66.919
26.765
45.995
51.455
16.285
30.613
34.876
80.318
42.360
102.329
48.797
93.128
34.447
85.633
72.972
54.716
48.751
65.161
73.077
84.869
62.136
98.188
55.044
72.762
73.561
54.190
55.009
73.235
52.535
72.770
82.984
43.721
63.606
83.436
68.366
77.390
95.997
43.011
95.880
50.938
109.476
83.536
65.725
38.857
73.341
45.665
71.480
82.889
61.561
87.785
30.022
100.286
73.391
82.818
40.855
62.445
15.017
61.615
17.768
50.118
57.309
56.212
69.279
57.356
84.309
45.009
75.883
58.990
69.049
50.430
69.663
41.397
87.228
50.944
106.681
32.597
55.962
9.553
36.527
53.498
52.254
58.236
94.295
28.918
98.600
51.285
79.339
60.251
91.167
33.705
88.836
30.594
65.892
48.731
69.946
61.435
34.759
36.705
32.925
37.739
46.721
62.475
35.585
82.794
36.295
58.154
52.187
18.820
46.925
32.460
49.481
49.489
59.275
69.509
71.482
63.945
54.484
46.557
59.354
72.668
72.862
91.852
97.546
56.809
71.464
94.148
90.217
71.655
55.517
26.021
43.814
43.548
50.517
62.514
43.125
53.145
29.815
55.021
7.597
40.632
49.599
31.429
73.466
57.113
70.093
60.750
45.195
90.169
61.023
95.109
53.899
89.277
65.646
90.448
65.942
66.034
81.030
74.162
61.646
81.231
73.932
93.275
51.650
66.112
57.552
54.246
63.389
40.002
42.782
54.879
48.837
64.195
68.002
65.827
62.453
42.338
49.383
61.131
43.642
79.155
66.892
68.438
81.202
45.813
55.673
50.743
40.413
49.900
65.605
64.335
62.034
53.708
88.293
59.881
63.856
55.105
49.305
80.937
80.619
60.507
61.629
68.150
70.656
73.969
58.933
83.237
48.386
77.658
80.882
53.232
90.020
52.629
60.116
80.776
37.087
69.524
28.833
56.718
50.302
53.760
53.860
66.514
91.717
55.697
98.782
13.120
57.678
43.761
65.324
52.553
61.340
31.797
74.955
41.777
74.772
50.197
69.619
88.676
55.557
63.242
39.944
89.105
48.417
99.934
81.253
87.364
74.529
37.640
78.631
49.881
76.053
58.966
56.440
73.867
74.440
100.434
60.400
75.754
20.117
51.323
41.038
54.714
64.856
59.954
70.079
45.575
60.725
76.738
64.969
66.050
65.344
73.349
38.538
52.666
60.079
65.943
53.962
59.038
66.136
87.433
62.605
83.804
80.244
75.832
52.665
61.962
54.451
61.079
72.819
87.664
45.952
48.617
66.157
42.820
72.891
39.729
66.867
26.758
70.317
61.741
23.584
84.248
25.519
77.603
71.843
84.311
82.061
47.352
42.159
47.082
31.806
45.139
58.401
16.973
74.121
60.689
68.883
72.666
82.266
89.943
69.556
75.695
49.647
60.137
39.351
35.308
39.576
45.887
77.104
42.951
74.444
91.200
45.541
105.527
51.762
82.249
84.222
46.977
68.323
69.086
63.689
58.340
47.796
59.423
54.023
43.547
77.800
55.461
78.482
63.549
102.996
36.718
75.235
74.220
82.820
51.116
72.054
59.432
33.389
67.389
17.785
61.007
62.215
52.859
47.622
82.515
56.618
75.192
93.981
52.783
101.006
35.750
54.716
51.714
44.925
64.047
52.702
50.380
47.382
30.575
34.153
4.815
43.055
46.340
66.192
72.118
60.398
60.999
49.108
54.320
70.704
73.241
81.325
88.242
68.997
86.700
40.464
68.533
62.384
71.761
82.002
50.297
53.719
66.663
60.626
67.025
83.897
75.483
48.868
72.138
74.661
43.882
93.986
41.772
52.323
27.290
12.408
52.280
50.769
87.779
37.961
94.720
29.114
87.515
31.606
70.449
58.284
66.806
73.316
75.954
83.645
90.533
65.740
75.259
33.744
77.069
55.441
78.421
67.119
72.255
90.004
37.733
52.713
55.498
24.240
43.469
36.898
56.165
75.347
58.331
44.916
39.933
44.560
85.504
65.498
67.570
84.312
57.576
88.282
67.909
49.254
57.534
66.287
51.608
72.048
58.151
77.328
94.820
104.461
78.836
93.039
66.591
58.554
61.283
65.675
59.995
70.158
65.243
39.685
37.816
55.018
61.728
51.500
77.833
41.739
45.006
57.835
48.127
55.514
71.148
59.658
67.557
61.858
48.967
28.602
24.810
35.706
19.383
69.654
33.859
59.877
48.538
51.571
78.307
30.169
71.257
54.355
75.144
39.788
50.602
54.123
61.449
70.357
27.926
70.081
5.320
97.103
63.113
98.602
105.625
68.151
57.879
83.847
76.716
53.823
66.890
77.788
90.432
54.062
48.937
38.398
41.521
78.616
45.773
72.382
42.159
76.806
77.933
83.755
61.891
46.209
34.473
76.470
36.832
57.919
25.691
76.021
37.872
65.145
70.400
38.643
99.079
63.014
92.839
104.984
44.182
105.507
48.545
90.136
49.716
85.798
43.944
53.971
44.058
39.012
76.094
39.751
93.789
20.493
89.856
47.571
41.505
64.664
27.134
65.753
35.778
64.303
52.081
54.458
38.679
70.558
66.262
96.974
81.383
100.101
74.399
80.837
42.090
33.030
53.672
57.002
41.989
69.396
60.828
73.020
59.024
71.480
61.271
68.960
48.455
84.579
32.872
93.184
39.044
97.288
69.466
62.930
49.542
42.100
43.833
40.524
39.854
39.857
72.157
65.495
66.498
42.590
61.154
45.874
63.899
65.888
59.755
58.192
80.816
57.197
71.921
55.735
54.542
52.740
44.650
60.296
45.249
77.317
27.494
68.039
52.002
34.080
69.461
42.861
52.739
78.518
40.522
89.357
50.263
63.356
84.230
53.101
69.900
51.525
34.073
48.988
30.154
48.270
65.974
44.545
55.178
62.910
44.550
74.013
48.068
63.061
78.655
57.603
85.831
62.384
94.506
61.242
80.492
50.030
84.726
59.200
51.687
60.748
48.696
48.065
67.290
29.242
60.734
33.869
54.716
24.791
97.702
65.740
99.433
91.513
67.117
39.880
35.900
37.887
37.432
26.645
43.292
38.811
25.203
59.959
60.830
88.363
84.781
79.804
95.176
72.567
66.501
70.770
70.013
41.410
84.097
47.317
56.933
58.081
74.833
36.957
87.375
61.703
73.987
48.808
87.731
23.080
69.673
56.949
87.803
70.448
65.834
68.725
55.589
56.866
45.400
72.857
58.111
48.422
73.217
37.901
33.015
65.647
46.764
47.509
92.154
41.611
55.689
48.557
44.503
34.990
58.632
51.884
52.147
50.756
63.621
41.390
65.223
67.060
52.780
78.387
71.832
98.556
67.057
101.955
66.880
61.271
46.396
43.498
33.293
37.051
30.813
46.794
37.931
39.986
74.313
47.551
55.132
69.152
39.390
96.370
38.696
75.354
49.985
68.383
67.398
82.524
37.106
79.617
24.376
58.280
59.788
48.770
69.389
35.503
59.851
55.365
51.436
71.656
52.556
44.143
85.723
27.717
54.940
25.228
53.806
49.760
53.141
39.379
30.587
64.786
70.282
79.552
58.315
62.244
25.313
57.076
63.063
87.290
70.662
80.149
54.592
47.739
35.719
69.230
82.145
54.217
86.388
45.884
48.147
24.485
40.738
11.592
45.989
27.430
80.233
46.748
65.070
51.964
59.382
53.496
51.300
42.994
62.416
56.344
68.983
33.586
74.965
40.053
74.965
62.795
44.844
53.213
57.192
22.206
58.686
40.886
98.536
75.354
92.922
75.140
57.356
37.053
48.343
75.432
50.928
85.222
63.332
64.085
91.753
43.942
86.167
62.671
49.660
77.113
64.011
44.597
71.112
50.304
78.858
31.087
95.817
31.776
82.910
60.812
46.751
44.551
49.566
49.556
63.472
50.758
58.554
64.486
27.455
59.447
60.197
46.408
63.338
66.592
60.253
61.508
65.242
24.454
79.543
22.149
64.381
50.142
78.853
66.548
65.995
72.680
78.259
65.045
96.417
53.188
60.955
57.594
51.620
66.509
57.334
69.802
71.270
66.854
63.370
64.826
77.279
90.490
83.024
89.959
47.353
37.252
37.843
32.441
67.480
64.582
54.788
80.528
47.940
71.059
21.633
44.661
50.712
20.566
81.501
66.077
60.356
61.428
65.120
71.159
65.016
50.971
63.418
22.887
69.575
58.271
73.580
58.827
74.535
56.242
96.098
47.426
81.120
78.873
45.204
83.569
55.511
92.292
41.763
82.311
38.650
68.125
51.985
66.242
71.955
49.148
72.812
45.968
95.987
39.701
86.272
34.007
62.995
62.724
52.875
51.708
56.432
29.081
69.641
63.414
72.761
82.321
52.546
58.141
61.203
76.436
32.018
37.476
45.639
47.269
71.460
47.757
39.603
80.933
36.180
87.978
49.333
84.204
43.656
99.138
23.846
89.956
42.172
63.393
59.523
43.403
50.716
36.990
78.657
53.326
47.116
68.002
59.024
50.835
66.566
40.599
61.558
23.422
73.756
33.935
38.797
41.239
32.217
29.536
46.781
60.371
44.343
87.367
44.816
65.274
48.735
54.669
54.818
66.857
63.798
72.631
56.642
40.031
57.524
58.130
64.805
82.622
62.542
68.419
64.793
28.770
73.400
47.005
80.392
59.459
64.696
86.978
39.411
89.007
67.995
57.551
35.733
73.130
21.314
77.068
82.453
43.038
85.647
22.783
76.029
58.559
61.479
75.231
53.503
75.657
84.089
26.713
68.798
30.324
51.572
71.522
62.654
65.556
75.326
66.197
52.918
71.874
62.193
53.689
48.048
60.899
48.204
36.252
37.364
26.152
48.890
44.402
50.949
57.672
48.282
71.830
71.701
60.067
71.916
73.290
76.406
51.937
49.792
92.830
32.518
73.955
12.787
63.570
29.145
59.917
70.906
59.742
60.952
49.785
76.069
94.033
54.465
96.792
65.091
67.821
42.635
55.433
42.116
50.667
39.023
55.991
38.502
63.010
64.651
56.458
53.645
51.604
45.255
52.064
52.002
44.336
48.915
72.652
72.274
70.216
95.298
50.567
76.810
66.185
37.871
44.087
63.123
68.503
63.825
76.149
69.092
65.647
39.349
79.361
67.622
57.147
61.386
74.497
56.737
83.076
77.482
50.836
59.016
56.837
65.096
61.674
79.810
100.791
58.611
64.326
25.497
84.705
35.219
70.604
18.910
65.903
52.183
50.035
25.273
64.248
51.881
60.792
32.223
28.177
63.120
27.013
44.738
49.402
16.869
93.205
61.661
107.259
65.139
81.871
43.504
35.025
73.459
41.265
81.345
87.178
42.812
97.250
44.883
66.759
79.547
89.539
90.830
73.173
67.336
79.413
90.036
72.559
70.657
61.946
66.279
72.991
60.765
59.638
49.602
60.987
68.316
92.432
52.040
56.025
52.411
50.363
76.646
97.740
91.291
82.321
81.802
53.908
56.837
66.957
69.800
69.124
77.615
36.964
61.761
57.974
52.741
63.084
60.046
59.549
76.483
77.010
55.480
77.760
49.382
73.030
58.461
51.590
81.905
37.303
74.091
80.420
96.270
77.928
97.997
62.841
82.724
58.632
70.525
85.569
64.093
63.607
44.742
79.169
41.731
85.777
74.258
43.594
48.019
23.748
36.228
27.852
37.879
56.659
30.773
83.060
53.598
70.958
54.413
63.937
40.080
57.094
33.832
39.408
46.532
37.898
71.421
22.096
62.484
13.525
50.382
61.300
43.796
93.552
56.379
94.321
84.631
81.925
71.080
93.344
62.778
51.315
56.624
54.737
32.779
41.797
39.566
64.975
64.493
48.136
59.268
43.378
16.127
49.032
23.037
74.240
68.112
45.404
74.443
23.258
56.611
63.624
26.303
74.456
40.108
50.690
44.061
80.801
59.837
79.681
69.926
82.913
25.381
87.076
39.700
83.831
17.972
63.617
23.264
60.425
87.264
70.778
87.514
90.028
63.538
82.081
26.971
74.275
34.492
83.094
66.293
59.506
83.738
92.196
46.547
61.795
87.136
15.202
78.495
36.884
92.385
67.993
71.601
55.990
82.502
37.235
50.122
61.417
29.194
51.986
39.207
53.476
57.800
57.687
43.755
75.696
41.935
99.316
69.587