168.721
171.307
139.510
137.943
122.784
164.656
161.162
178.812
137.826
133.569
129.317
156.711
177.422
173.460
143.559
119.683
125.068
138.472
168.189
167.350
173.267
135.608
128.386
131.145
163.451
173.711
174.951
147.497
126.126
119.579
148.350
174.538
186.437
148.230
135.097
110.333
151.215
161.760
177.886
152.429
128.685
122.910
140.398
170.953
176.013
149.868
139.297
118.406
141.329
154.361
180.410
168.708
137.859
127.992
127.416
155.392
172.228
189.541
156.350
134.033
117.841
129.203
164.948
173.218
170.950
140.126
138.991
140.020
158.117
152.477
150.007
152.219
138.662
155.190
129.125
147.445
142.928
172.000
167.520
163.137
136.921
129.668
127.503
166.135
163.999
170.304
148.182
150.153
124.348
155.392
154.213
172.795
159.674
150.809
135.041
131.708
150.555
156.046
157.856
159.463
145.836
156.439
138.170
155.780
151.270
164.680
152.776
152.615
131.077
130.794
150.006
164.145
181.226
150.791
139.350
142.473
139.440
145.525
156.159
151.195
145.629
125.044
144.061
162.109
187.565
168.816
138.856
117.534
117.708
168.058
183.180
201.345
153.529
117.145
102.959
131.574
179.300
190.952
188.286
124.716
116.612
124.649
163.336
178.236
166.940
151.075
124.451
138.362
151.112
164.945
169.271
153.656
139.131
133.633
125.677
157.232
180.235
179.779
146.767
130.014
116.118
151.305
159.269
185.521
151.831
143.187
108.659
131.584
145.277
177.492
166.410
163.966
149.612
146.848
124.975
161.571
146.128
177.363
151.664
149.266
128.819
138.222
149.932
175.615
169.702
143.322
126.471
132.540
147.794
157.341
174.616
157.117
162.735
147.137
135.890
147.573
149.774
155.276
162.689
159.860
142.774
132.018
148.570
141.759
168.906
162.262
169.898
138.933
123.678
127.688
148.159
171.557
180.155
158.442
131.817
130.512
129.221
157.822
163.253
175.206
149.004
138.288
133.635
136.519
148.427
180.248
167.033
147.052
117.035
144.419
143.070
166.959
138.579
144.929
135.608
153.951
156.591
155.649
160.996
136.926
135.820
144.271
171.561
165.898
145.588
129.237
150.668
161.870
171.072
170.005
143.071
146.899
135.493
165.053
167.850
158.454
157.795
141.424
143.478
152.676
147.912
144.885
139.590
143.318
144.790
161.789
160.454
156.650
147.422
149.146
141.224
143.449
153.666
160.256
153.411
137.821
139.979
148.099
154.754
148.987
160.828
149.036
148.129
151.513
156.786
151.108
162.651
140.595
141.415
128.650
150.801
150.322
156.870
148.856
148.532
137.212
157.737
164.061
148.991
139.762
143.832
147.739
174.102
160.937
158.814
143.415
155.866
152.073
143.845
156.328
150.417
164.922
141.306
146.644
130.136
150.192
158.495
160.999
158.617
150.075
142.840
139.222
158.948
153.554
158.381
140.000
134.188
147.512
160.375
148.437
148.610
149.961
143.738
162.718
163.821
159.303
153.923
143.938
142.561
143.247
141.290
155.823
143.591
161.695
150.529
154.137
140.995
141.976
146.461
159.328
167.341
163.280
140.027
128.864
131.284
156.725
165.565
176.454
156.132
137.773
111.129
123.519
145.749
187.597
183.165
163.604
116.908
114.720
131.941
166.451
178.510
168.142
134.197
121.581
129.843
156.989
172.447
160.480
150.275
137.149
151.633
152.244
157.258
147.268
140.909
146.041
152.300
163.523
166.480
138.905
136.802
124.401
148.409
177.869
181.223
148.030
119.095
125.169
143.538
183.448
184.457
159.594
127.539
123.940
145.045
177.228
171.021
160.017
131.697
133.166
133.257
158.415
154.498
158.712
145.671
147.162
139.323
150.630
161.037
171.876
156.899
135.909
114.870
140.762
163.253
176.155
177.596
134.949
117.783
110.444
148.447
155.544
187.839
164.899
153.778
131.472
131.842
159.061
185.046
178.969
157.653
124.953
110.956
130.024
166.027
174.342
172.122
136.029
126.551
132.550
156.815
173.820
161.441
143.682
123.445
139.149
159.365
171.768
159.699
146.262
140.779
146.436
134.075
163.084
169.029
166.732
124.714
125.746
139.974
153.119
164.685
167.166
157.803
151.818
133.699
153.799
162.776
165.539
134.727
134.944
136.331
169.790
166.195
154.686
133.150
119.153
126.981
165.670
192.264
183.807
153.978
120.405
114.704
146.445
164.220
179.280
160.221
134.516
118.277
134.942
158.473
184.554
159.158
145.297
119.121
123.944
145.879
175.961
169.674
170.278
136.461
127.137
124.198
169.263
178.999
174.960
129.321
125.583
133.775
174.961
158.860
166.784
133.479
148.224
129.322
161.298
147.038
157.817
133.814
149.642
139.025
163.201
143.173
161.991
142.501
156.686
135.139
153.857
149.805
175.519
149.054
134.671
128.174
148.976
142.841
163.185
160.044
159.609
147.409
155.401
129.948
142.950
148.628
167.767
162.517
162.771
146.440
134.573
139.392
137.510
156.028
160.271
178.352
155.015
141.328
125.622
149.711
157.556
168.425
156.299
139.547
124.565
145.871
155.059
159.884
152.142
155.406
144.593
130.211
141.767
144.353
175.037
168.251
145.396
139.960
135.180
160.186
161.272
155.150
127.373
121.216
138.779
167.707
168.155
170.654
135.291
135.255
118.346
163.249
167.049
184.166
155.985
143.482
116.656
139.121
137.150
170.468
160.428
165.592
146.330
137.640
132.297
142.508
162.145
154.048
152.677
125.730
134.143
140.373
169.959
168.590
161.265
124.023
127.630
136.094
178.660
177.437
150.956
113.600
118.082
133.990
176.679
182.609
178.621
140.046
132.410
132.260
141.305
155.753
170.610
159.459
157.922
131.588
130.879
132.241
168.618
177.993
165.972
148.549
133.800
128.058
133.970
171.995
161.591
170.125
130.030
120.956
134.595
170.890
168.968
162.333
118.719
125.940
133.495
186.067
192.042
184.393
114.886
107.342
106.872
169.276
196.398
190.022
145.042
122.262
119.831
138.223
179.200
181.275
172.148
133.878
121.229
116.899
168.434
194.920
181.864
128.054
109.895
111.378
161.706
187.106
183.353
147.008
125.638
125.709
138.555
176.734
172.741
164.689
139.963
120.014
134.884
172.615
162.871
168.636
122.825
128.848
126.640
163.467
182.516
184.738
147.963
121.496
125.654
163.878
163.163
173.497
147.387
127.839
125.496
135.456
157.543
181.362
150.413
153.232
131.304
134.414
142.249
156.082
156.896
143.346
149.775
155.840
165.687
147.397
150.985
131.440
133.929
148.688
163.394
158.641
163.388
141.758
127.516
129.824
152.936
179.699
177.473
162.008
126.173
125.509
139.134
162.877
184.780
160.447
147.178
124.174
134.324
142.670
180.728
173.745
147.410
126.048
127.296
148.179
161.764
164.913
146.499
141.469
148.981
152.583
166.432
149.560
156.850
146.570
151.134
155.868
148.500
148.283
143.300
144.024
153.752
158.240
148.317
145.474
142.006
145.306
171.227
164.981
150.301
123.250
135.741
149.114
162.760
145.030
155.607
140.350
135.840
133.188
156.276
165.156
172.817
136.782
140.312
123.581
164.250
171.072
162.400
139.243
132.023
127.463
160.234
161.141
174.516
143.724
133.986
123.679
140.703
165.327
177.282
164.613
150.975
125.913
143.971
155.606
176.045
160.572
147.389
136.720
149.780
138.916
159.278
142.953
153.723
134.149
137.590
153.926
166.136
155.395
157.997
124.142
147.218
151.044
160.560
152.991
145.013
142.357
148.787
166.405
168.563
155.446
124.340
124.021
134.731
166.858
173.298
173.962
134.833
121.865
137.613
149.617
170.037
157.801
152.488
134.504
147.030
143.473
155.964
150.567
163.249
139.806
141.767
134.092
157.664
162.192
168.224
152.458
133.411
125.681
137.416
158.464
189.647
170.047
136.360
118.890
132.989
145.392
152.667
153.921
147.395
151.392
138.509
147.878
159.912
159.001
143.995
139.082
130.317
158.652
163.505
168.299
145.775
127.451
134.515
133.678
170.115
176.063
171.008
137.443
138.937
127.181
136.986
153.755
162.066
166.336
140.169
145.182
127.304
154.184
148.632
176.147
168.090
161.028
131.242
135.807
132.565
171.401
163.280
165.926
156.294
127.647
134.029
127.536
181.956
167.067
165.778
136.004
125.675
118.933
159.115
173.482
180.893
135.963
127.422
133.004
160.764
166.253
177.923
148.939
146.141
124.185
149.505
146.358
170.687
161.591
153.194
143.697
138.647
148.398
156.902
159.355
159.391
148.218
152.646
156.203
144.320
144.142
137.698
150.902
153.967
167.242
150.500
159.441
139.778
156.150
139.619
148.912
150.171
157.297
149.435
150.927
138.420
149.939
152.650
147.836
135.087
139.733
162.385
169.690
157.507
148.238
130.451
138.113
157.845
171.845
170.194
143.448
120.734
133.438
158.912
174.692
162.030
146.140
133.046
130.613
151.984
179.779
179.523
157.469
133.202
135.823
143.801
171.533
174.780
163.327
129.445
119.378
136.580
155.097
166.885
160.857
135.844
120.679
120.734
160.301
173.433
181.289
141.931
138.492
120.012
141.399
157.773
194.411
170.821
157.273
107.477
125.034
142.840
172.623
181.528
161.572
122.036
127.445
138.377
166.397
165.161
173.885
144.650
145.186
124.341
136.232
148.378
163.142
158.978
140.373
132.790
140.297
168.564
167.891
166.895
129.247
138.239
133.769
162.463
167.984
180.692
144.914
129.466
120.715
140.035
164.793
168.464
160.760
128.318
121.039
130.564
161.698
183.842
167.421
153.531
130.780
129.674
151.218
168.456
188.172
142.727
139.830
109.510
156.055
149.590
173.222
145.361
147.353
135.464
155.667
159.919
171.104
162.655
150.151
126.848
136.035
149.786
183.090
169.570
140.665
127.237
135.169
152.641
179.204
163.797
152.147
135.022
137.071
138.720
157.407
156.881
148.469
146.646
153.077
145.556
170.860
144.081
137.011
143.246
160.286
153.847
166.749
146.032
145.822
139.654
146.015
162.732
164.703
141.709
128.594
129.946
164.788
166.320
167.207
147.233
132.205
126.655
135.491
142.930
166.044
168.636
162.621
150.862
154.354
126.158
140.251
140.188
160.096
160.244
160.239
136.851
134.560
144.682
169.093
178.900
155.490
135.387
120.463
145.451
177.629
178.979
154.010
127.657
115.792
144.297
161.260
188.430
162.012
151.138
117.015
145.126
150.273
161.039
155.366
146.390
140.708
142.493
156.530
153.305
153.814
161.988
156.948
167.221
144.469
136.440
126.063
145.553
157.268
175.987
157.336
151.801
132.457
138.515
143.952
153.879
154.408
169.470
153.088
137.980
137.468
144.554
162.660
164.137
151.554
146.419
131.790
141.572
156.182
167.426
159.289
155.055
141.956
147.682
150.195
161.324
155.219
149.340
163.232
151.894
168.280
149.369
136.844
119.652
129.154
137.176
169.017
175.932
183.242
127.919
119.980
112.431
149.182
162.309
192.819
160.880
126.855
112.993
129.415
157.052
182.945
163.002
139.002
122.054
139.283
162.579
175.138
164.104
150.541
131.082
115.088
151.452
166.957
181.480
165.802
135.437
108.623
125.368
154.315
169.047
169.821
158.061
141.981
130.772
152.630
172.918
171.087
145.070
137.225
128.961
138.096
168.400
166.979
159.616
142.429
121.381
131.936
143.064
162.286
151.520
160.113
149.177
157.583
145.106
150.104
135.584
146.728
149.927
169.366
147.045
144.120
121.349
143.632
154.162
163.711
155.058
135.440
125.762
146.731
179.012
185.187
159.337
113.306
112.161
126.696
179.242
184.851
179.186
137.011
127.059
128.994
159.166
172.047
155.550
153.420
137.549
149.006
148.743
159.363
150.871
144.180
136.928
143.233
163.849
157.356
153.774
149.675
146.092
147.404
147.667
142.568
151.720
143.594
154.865
145.104
150.092
131.041
150.446
141.678
162.619
148.510
144.388
130.216
129.891
152.089
164.384
158.750
145.012
128.669
152.549
157.148
164.927
158.323
141.456
127.238
125.539
149.835
169.187
189.329
167.302
140.184
119.326
138.031
167.237
187.980
176.905
152.258
119.303
124.856
140.938
159.536
163.288
167.908
147.371
148.465
130.156
153.185
155.024
164.586
152.698
151.747
130.870
139.664
152.162
157.516
169.226
136.270
137.956
126.624
158.430
170.918
160.998
135.681
136.754
121.922
153.968
148.603
193.116
160.916
163.272
123.041
135.352
132.980
163.931
166.782
172.145
145.135
124.563
133.282
151.896
158.278
180.472
150.014
150.244
122.646
158.186
155.541
164.870
152.972
138.877
145.370
149.334
141.016
162.497
139.265
166.768
134.621
137.574
150.405
148.159
160.411
167.620
155.140
148.948
132.376
141.848
162.654
176.248
172.576
155.751
123.451
134.894
138.208
176.450
160.514
161.708
123.828
148.176
135.899
170.956
158.767
157.842
139.975
136.421
144.390
150.462
172.682
157.484
162.644
137.471
142.022
128.193
149.967
172.874
177.494
169.886
143.095
130.411
150.353
143.219
171.126
149.981
162.105
131.525
151.452
133.193
150.649
152.270
165.627
143.683
137.438
140.060
165.513
146.018
151.609
142.141
162.087
151.108
145.688
146.626
148.398
156.949
162.763
154.314
129.389
146.985
135.427
176.790
147.324
172.971
132.679
148.252
138.184
165.493
151.652
174.810
137.870
158.102
120.939
144.549
135.356
184.533
164.146
156.888
126.662
138.078
139.705
160.807
161.390
173.218
145.466
144.430
130.376
166.335
154.338
170.837
141.103
150.354
130.198
161.518
158.037
169.519
153.370
139.522
120.598
133.138
165.651
176.867
169.463
141.396
125.946
124.359
154.582
173.883
178.232
163.537
127.359
125.721
126.364
162.443
170.121
160.395
128.078
124.049
134.139
177.841
161.343
160.480
145.827
139.716
149.591
160.062
162.131
141.358
139.946
124.977
156.193
181.508
159.791
156.753
121.541
141.464
152.064
172.481
164.215
140.458
133.905
146.888
151.938
156.569
159.286
150.924
153.465
142.085
140.133
143.576
158.705
162.566
166.143
145.458
134.993
147.175
148.116
164.222
157.719
156.153
134.519
149.120
129.037
158.510
147.376
165.294
160.391
149.632
126.404
131.363
138.289
158.206
155.605
168.575
148.340
147.262
140.672
144.988
142.222
146.135
149.642
163.098
148.568
144.090
140.354
150.542
158.701
154.459
149.981
156.772
142.094
142.638
149.159
163.191
153.286
140.164
143.381
142.978
149.798
153.958
163.102
162.919
142.286
135.019
138.110
154.259
157.371
166.002
159.421
139.161
146.168
131.507
153.743
142.153
176.012
148.232
167.124
124.345
147.930
138.178
178.554
164.613
158.916
132.203
129.406
147.845
153.556
160.420
162.150
153.279
135.750
135.566
150.833
161.523
164.108
156.895
133.526
138.911
146.112
169.882
155.451
164.192
138.933
144.194
126.031
155.603
158.943
175.469
148.387
146.453
129.308
154.650
154.670
182.275
154.827
146.432
127.605
141.200
143.847
159.006
164.499
153.043
138.762
126.737
125.443
162.739
176.346
165.234
136.841
121.925
133.732
154.721
169.733
169.267
143.277
131.575
136.020
155.802
162.384
170.569
157.195
138.495
132.935
126.386
151.625
170.471
182.898
153.678
112.361
111.574
128.293
176.103
181.279
182.040
123.956
127.899
110.372
172.714
177.152
194.981
136.502
137.118
104.396
159.979
158.370
187.145
150.784
143.512
119.783
131.563
147.156
162.317
164.626
148.360
153.883
149.517
141.369
145.049
140.398
150.227
161.708
141.953
143.541
149.358
139.605
145.399
140.354
155.208
157.164
157.586
138.416
148.165
130.407
166.505
163.725
173.013
143.730
148.486
128.999
162.806
154.429
168.907
141.112
148.571
133.458
142.806
153.197
168.482
169.515
157.747
128.595
131.715
134.015
158.349
160.627
168.092
144.984
134.946
119.694
150.604
150.666
179.931
163.682
147.366
129.101
124.574
151.397
163.824
178.446
146.777
136.057
122.853
141.134
164.622
168.795
156.885
137.510
138.913
148.150
151.913
153.408
156.634
156.009
150.706
128.789
150.162
155.271
164.940
141.974
145.236
137.616
155.994
139.453
161.222
148.619
140.863
138.190
160.018
165.418
173.256
166.721
139.851
134.185
126.968
158.246
170.710
179.230
135.179
131.044
115.312
142.517
165.516
182.100
167.156
147.220
124.369
122.915
155.536
174.236
168.047
147.601
111.536
113.693
149.203
177.927
201.476
171.658
123.489
91.319
124.798
171.304
209.665
182.651
137.848
95.262
117.639
154.155
194.589
173.458
140.022
130.178
136.358
165.786
177.333
163.795
134.061
111.163
126.719
158.849
182.193
168.318
155.428
132.462
149.346
154.101
155.382
151.210
157.403
142.377
150.635
145.057
165.855
144.319
153.724
131.180
156.379
149.516
161.124
151.017
148.870
155.893
155.483
140.534
147.379
137.515
150.902
156.458
165.064
150.807
131.591
125.641
144.953
156.832
167.718
164.958
139.058
137.192
135.886
150.407
160.751
163.556
161.939
142.058
142.714
128.191
139.495
148.690
179.186
169.281
156.527
129.161
125.181
152.208
156.388
174.500
149.761
146.653
129.501
144.018
164.703
175.706
160.936
127.889
131.447
138.411
166.029
165.304
156.699
131.407
132.572
142.054
178.512
159.353
149.665
124.845
141.497
149.468
161.400
164.033
155.737
148.579
129.679
134.281
145.611
167.722
147.868
142.404
137.093
157.753
172.845
170.728
143.961
131.614
139.414
138.397
167.251
161.747
159.453
140.576
146.633
130.206
155.845
154.037
171.625
148.890
146.037
142.374
145.334
143.667
162.919
163.623
140.549
132.694
133.453
155.742
162.760
160.076
150.488
141.066
148.689
145.350
143.124
149.534
147.971
157.848
161.888
160.363
150.742
142.560
148.046
157.361
160.267
154.755
143.236
145.092
147.709
155.956
143.306
154.847
147.001
165.524
147.369
146.116
148.019
155.211
161.129
159.074
144.426
131.876
136.190
155.756
164.158
163.549
145.393
147.872
147.475
154.470
142.242
157.110
152.781
161.545
144.048
141.389
136.782
163.127
162.675
157.928
140.721
141.216
152.584
154.527
162.685
148.704
150.212
130.292
158.472
156.197
161.615
140.294
133.386
126.481
155.118
159.589
165.645
160.945
160.075
139.143
140.588
130.435
160.049
164.228
174.161
150.506
139.206
121.721
132.664
154.644
168.850
187.200
156.429
134.726
124.184
139.094
166.185
178.856
161.448
131.952
128.262
139.324
167.010
171.941
169.193
147.902
127.893
138.909
146.805
180.543
174.218
152.352
126.662
111.640
146.843
165.438
187.729
160.692
145.697
116.925
134.443
154.558
167.223
162.406
159.504
141.253
142.176
141.260
143.584
156.926
167.913
158.453
138.956
142.050
142.021
150.876
158.348
159.612
145.629
139.871
131.000
143.870
154.882
157.777
162.717
142.776
136.813
137.025
162.763
170.412
169.680
146.726
140.444
133.294
145.465
148.733
169.223
154.059
153.003
118.097
146.176
155.218
193.075
165.880
153.020
111.224
137.584
148.301
188.989
166.573
155.268
102.659
139.109
145.216
197.428
171.868
160.626
113.677
126.602
137.354
179.483
171.384
162.085
116.612
127.996
118.771
181.832
183.680
183.717
128.415
113.215
111.852
151.406
189.082
183.483
163.316
118.004
124.054
125.667
166.014
178.195
189.864
136.427
132.909
116.893
157.589
154.212
184.468
167.382
156.698
124.556
134.963
138.472
160.591
162.950
165.976
141.561
124.710
113.929
144.896
181.183
184.379
157.798
125.673
134.420
155.391
178.141
168.566
146.653
125.411
130.215
149.747
162.973
175.211
143.926
148.505
118.764
154.522
154.207
173.243
156.459
149.935
129.283
146.680
148.597
165.609
171.192
144.407
141.426
129.726
151.993
153.603
172.319
144.272
145.560
136.577
161.225
156.968
170.119
127.770
139.785
125.475
166.744
167.905
164.237
128.034
138.002
144.409
167.220
178.722
167.888
138.319
136.747
127.023
161.313
162.572
183.072
145.395
149.377
118.790
135.855
157.684
164.953
172.452
147.447
139.637
132.362
154.270
158.676
150.988
141.308
136.135
135.350
168.570
150.543
162.298
144.186
151.411
136.153
163.917
157.902
170.153
139.136
132.624
125.692
149.937
166.280
158.364
146.881
136.859
142.186
150.334
163.537
151.946
131.031
137.848
141.017
158.087
174.495
156.404
144.607
134.097
147.951
142.177
151.202
145.003
143.407
138.117
146.541
159.061
164.943
153.661
147.047
116.298
148.599
161.921
189.248
173.302
151.223
120.947
127.491
139.339
168.482
158.636
152.018
141.077
134.714
151.164
157.625
167.487
157.305
142.706
140.228
132.367
164.018
161.950
170.850
143.800
141.882
141.588
144.757
138.415
159.211
151.316
152.682
151.881
161.476
150.899
149.845
153.991
148.236
145.793
147.675
156.086
147.598
149.241
139.097
162.024
155.747
166.206
149.574
147.849
126.456
150.801
149.825
176.195
162.469
146.273
130.964
129.681
147.628
173.820
165.835
163.912
145.603
126.640
133.155
166.543
171.231
175.465
143.163
125.476
122.938
133.884
165.411
165.770
165.170
157.464
154.715
135.617
151.770
148.108
172.537
151.994
149.062
132.006
128.594
143.815
172.509
176.900
164.793
136.526
133.048
141.314
160.915
173.848
165.249
147.824
131.775
133.291
149.358
181.967
171.838
163.309
140.988
122.881
144.142
156.366
173.230
147.162
146.591
138.006
149.881
162.426
156.346
151.128
137.177
144.086
143.361
151.777
158.512
145.520
153.183
143.015
133.029
133.722
149.720
177.273
178.283
162.959
118.045
131.995
142.415
180.769
171.429
165.759
132.737
117.164
140.599
160.292
170.227
178.886
155.752
125.305
115.922
146.593
177.380
187.874
158.433
134.705
130.179
130.455
158.049
163.325
165.500
158.539
159.164
139.500
152.964
148.774
155.856
142.769
149.871
149.476
155.081
151.597
142.236
149.913
148.351
155.023
153.472
154.625
148.403
157.519
143.547
151.413
142.057
152.517
139.462
155.295
149.888
162.860
143.818
152.575
149.297
156.474
141.659
161.585
166.576
151.551
141.207
130.586
149.810
152.976
177.382
153.644
146.658
140.423
158.797
146.386
165.401
150.180
158.990
135.151
143.322
142.414
146.657
156.235
170.014
142.909
145.385
130.222
159.181
146.506
152.567
130.813
142.741
130.411
167.977
157.231
165.078
143.420
143.223
124.847
144.636
152.389
166.127
148.990
153.460
143.367
144.919
136.923
159.328
159.018
166.514
156.400
146.430
118.995
154.823
162.682
188.809
164.809
147.309
115.995
135.042
141.715
192.258
180.411
165.541
105.891
114.691
133.987
191.407
188.407
162.885
117.792
125.201
117.230
171.698
182.894
167.757
147.694
122.409
133.786
154.055
180.296
155.158
131.181
122.546
136.144
160.919
176.045
161.480
143.610
135.401
137.054
152.235
172.795
161.520
152.149
134.692
134.675
148.405
157.523
167.788
148.694
149.363
145.033
149.801
147.790
140.236
160.282
156.941
164.366
161.894
138.371
144.698
130.277
149.141
151.008
176.656
164.312
158.092
123.233
142.981
146.723
166.207
166.941
145.587
140.790
133.687
142.695
162.376
171.832
158.783
150.347
129.550
144.667
142.804
163.196
161.085
177.422
155.326
150.867
125.055
137.579
143.932
178.194
170.141
159.592
126.797
133.320
139.782
177.928
172.156
172.850
124.335
125.071
135.658
175.090
179.520
182.491
147.132
126.284
113.685
143.586
173.708
177.797
155.489
142.711
133.324
138.904
149.206
153.837
148.085
142.447
141.092
164.914
163.959
163.355
137.612
137.669
127.131
159.793
177.602
173.746
147.938
127.464
128.538
164.401
167.761
171.741
147.680
130.873
143.764
149.923
159.108
163.658
156.284
139.796
131.715
136.290
145.138
161.041
169.173
157.628
139.112
127.822
137.911
165.165
168.257
166.712
124.909
140.820
140.884
163.761
155.647
163.663
153.571
135.988
136.627
139.819
152.930
157.484
153.204
154.530
157.698
155.196
162.614
133.804
159.483
138.117
148.423
143.759
160.807
142.814
155.418
152.278
156.686
140.028
148.218
144.029
164.232
133.614
145.226
130.550
172.418
171.409
172.264
123.752
128.253
117.036
168.823
179.756
186.303
146.458
118.546
117.513
147.134
185.584
182.722
154.885
117.971
122.292
130.208
172.674
176.333
168.558
129.736
137.663
131.842
150.234
157.804
165.432
149.576
136.716
116.094
137.291
146.803
167.533
179.334
171.124
133.035
125.756
124.345
157.949
161.153
162.761
155.952
146.537
125.092
145.945
143.053
168.269
174.011
157.992
136.898
128.568
145.458
165.592
152.085
156.434
126.079
146.960
132.610
173.140
156.588
171.900
131.699
149.754
135.020
170.563
156.991
163.540
131.801
138.354
126.645
153.774
170.522
171.854
159.147
131.576
133.056
130.632
164.108
175.045
173.733
130.686
118.752
138.622
166.984
180.685
171.741
156.797
137.354
125.148
131.784
160.790
182.104
174.573
142.652
132.212
126.348
138.084
165.545
170.836
158.276
144.921
127.855
130.465
156.407
172.713
170.162
149.348
128.519
131.960
141.957
161.817
161.264
159.198
155.123
137.177
148.289
141.437
162.818
167.224
140.504
150.341
144.233
151.627
144.982
164.289
157.515
160.866
134.318
144.166
131.820
170.680
167.432
180.965
145.325
132.912
100.515
139.697
178.996
194.480
175.746
133.195
116.871
115.737
150.318
162.267
183.602
146.399
140.503
125.035
141.548
146.022
166.933
167.670
145.793
135.980
133.883
151.615
153.956
157.806
156.958
139.530
149.990
135.223
143.997
145.396
159.066
149.558
162.503
151.568
150.895
152.718
154.676
151.566
141.742
150.905
142.998
153.037
148.655
135.894
144.526
159.396
174.361
163.591
149.081
145.335
124.126
143.839
156.851
179.491
160.065
139.389
129.705
147.238
167.236
179.881
169.838
131.563
112.357
134.480
173.149
177.787
178.184
141.791
134.261
114.896
146.854
170.522
179.398
147.003
150.962
141.295
146.034
155.614
145.186
147.208
137.863
167.912
159.034
144.803
140.675
130.123
145.582
146.795
173.731
164.497
157.509
136.742
141.471
134.402
156.950
149.209
159.759
145.864
158.821
139.313
143.195
137.900
160.141
152.019
152.476
131.144
145.818
153.843
172.047
149.713
140.862
142.920
166.336
163.783
149.767
125.094
128.114
143.046
168.806
172.169
170.065
143.592
128.264
140.986
158.005
160.300
169.479
148.686
137.155
124.274
137.707
146.018
171.756
163.975
158.346
141.433
128.190
145.179
157.469
177.137
162.686
140.922
134.410
133.181
152.162
172.560
169.741
156.237
130.074
137.943
140.131
170.667
173.155
151.814
126.507
130.633
153.434
172.241
176.839
160.984
136.624
128.719
143.159
154.429
158.512
164.952
150.128
135.679
131.596
153.331
161.722
176.942
169.596
147.699
142.269
119.441
153.462
159.013
175.481
155.645
155.417
126.438
154.057
148.987
170.362
143.035
142.450
134.499
164.042
163.744
152.764
145.066
129.148
149.315
145.931
166.502
154.622
145.913
133.703
129.514
139.372
166.492
167.640
159.083
159.490
131.957
135.242
129.660
165.079
158.243
166.067
134.284
151.910
131.806
159.876
165.530
168.548
132.025
138.785
128.949
157.675
161.108
170.258
142.977
121.865
123.650
137.140
163.607
169.902
166.940
147.187
127.976
120.375
139.627
164.690
164.169
157.382
147.522
133.894
136.312
139.806
166.083
153.990
157.635
134.063
142.709
141.174
172.015
169.987
155.135
143.015
129.213
142.860
154.114
179.262
158.687
164.504
125.944
146.327
124.828
155.020
153.721
164.849
155.778
131.610
136.916
130.693
163.968
176.895
186.985
136.790
122.404
119.118
153.469
179.464
166.434
144.792
131.502
121.722
162.961
159.374
181.878
135.476
129.670
102.909
154.342
174.833
191.604
152.740
126.573
127.900
155.957
157.074
167.480
142.711
157.974
126.021
170.972
154.126
171.352
129.950
142.957
128.391
148.929
150.354
163.913
154.672
153.491
150.730
143.087
136.862
139.549
146.946
158.843
161.859
150.411
132.879
119.563
154.950
164.909
167.912
158.197
138.815
139.750
144.318
148.663
158.485
149.776
155.889
151.203
157.698
149.979
152.755
143.701
145.611
138.762
141.713
155.388
163.741
146.865
140.369
135.817
152.763
174.260
171.166
152.248
114.147
129.196
149.228
192.906
175.480
153.499
118.415
119.229
148.895
191.626
173.692
168.543
139.324
133.600
135.272
165.763
162.261
166.719
133.621
142.896
143.656
161.689
156.411
141.942
139.647
147.872
155.040
167.240
150.253
141.730
136.576
150.797
145.956
156.240
150.328
152.316
145.025
152.662
142.439
146.552
136.819
146.806
149.820
172.819
160.100
159.975
133.226
142.028
141.832
160.064
160.984
153.176
147.975
140.232
143.410
155.392
162.888
173.814
158.367
148.514
126.208
132.049
153.426
176.594
187.519
156.024
137.125
115.532
127.419
147.783
178.875
173.355
156.167
117.903
114.760
138.386
171.739
175.229
166.328
141.382
108.299
126.340
159.498
179.251
178.778
157.240
123.346
138.854
130.644
160.533
167.572
173.627
149.823
134.868
121.360
154.873
170.631
175.122
153.663
138.543
137.087
149.863
170.493
153.923
155.938
137.613
148.397
126.150
151.969
155.852
157.680
146.007
150.607
137.302
138.349
151.234
169.616
160.153
153.354
124.951
125.486
150.225
173.089
180.439
156.418
122.915
119.625
151.190
179.238
172.357
153.869
129.074
139.793
148.191
159.929
170.745
145.562
127.426
133.997
144.745
162.295
184.178
159.621
145.736
120.219
146.857
167.715
176.364
149.655
136.920
111.790
138.959
160.474
176.250
164.530
138.356
128.147
139.056
156.199
161.765
182.881
156.081
151.072
139.742
146.666
145.546
161.711
158.431
143.513
143.051
157.583
156.438
163.464
146.282
153.859
140.987
153.594
141.703
160.545
158.840
161.682
151.999
143.571
137.469
155.734
164.090
158.356
141.886
150.964
146.148
167.559
154.358
153.424
137.909
140.458
150.979
159.441
155.083
151.924
155.439
141.897
150.705
155.157
157.024
160.330
158.142
142.566
142.963
140.293
144.017
159.109
160.142
156.483
129.742
145.580
131.882
164.354
155.586
178.248
146.636
134.488
129.350
143.374
165.663
159.862
147.436
134.684
135.991
146.979
165.417
164.146
172.344
144.316
128.653
126.837
155.185
161.545
173.418
152.929
130.558
138.473
153.327
171.751
175.819
156.652
128.095
129.918
149.289
163.204
165.235
140.542
124.453
138.688
143.683
161.138
160.782
148.887
134.201
138.760
154.436
156.829
159.051
153.591
158.887
138.599
139.594
135.049
166.559
156.942
163.633
159.307
153.691
131.285
133.096
140.433
160.275
151.890
172.150
146.367
136.242
133.175
145.966
163.169
153.631
159.231
141.558
144.641
137.561
154.646
155.545
149.564
145.611
140.581
157.038
165.965
178.756
159.608
141.995
117.201
131.486
160.662
168.095
157.220
143.626
144.847
159.718
153.943
158.191
134.021
148.789
138.239
168.441
144.663
158.433
147.540
154.736
135.067
133.036
147.379
167.515
173.395
153.063
141.714
122.203
130.689
154.033
178.897
167.208
161.523
125.924
119.853
140.403
163.532
172.285
149.703
152.501
152.364
155.423
161.924
157.704
147.280
138.308
141.412
158.174
158.923
165.486
138.362
141.179
121.972
155.711
158.209
172.856
142.523
143.801
139.255
155.787
148.754
159.629
152.435
140.567
148.826
148.928
164.809
139.679
165.218
145.709
172.191
140.464
156.140
131.329
149.771
157.039
166.347
151.552
138.102
142.167
151.565
145.574
164.612
139.486
149.711
139.953
155.961
140.638
163.085
142.904
160.762
132.049
162.828
153.660
166.913
147.630
145.637
125.979
138.680
157.072
167.772
145.662
149.015
127.001
147.988
156.120
173.437
171.863
143.746
132.540
125.553
161.660
161.542
175.079
138.743
132.353
127.550
161.920
169.608
164.391
144.344
121.138
131.661
150.266
180.103
166.172
154.790
123.443
136.090
154.109
178.439
163.864
155.047
127.863
130.306
144.394
166.165
167.544
160.016
130.034
122.408
133.345
160.278
173.186
158.510
124.464
120.067
137.586
186.128
170.479
172.395
126.621
131.546
122.096
149.038
156.994
164.165
147.475
136.511
132.631
152.110
164.572
177.612
155.836
138.643
135.925
129.960
154.411
158.671
163.137
153.377
132.574
137.896
147.812
168.268
167.702
150.955
134.187
137.339
147.078
170.252
163.426
155.045
123.388
129.393
152.392
165.926
151.494
145.092
136.662
150.552
146.454
157.327
151.644
135.363
147.822
145.266
144.332
139.983
169.472
149.685
153.606
146.292
153.171
157.132
152.278
138.651
156.471
134.595
148.826
145.995
164.037
151.097
162.318
134.338
158.746
137.469
172.809
155.039
165.072
134.589
148.517
135.509
163.337
160.632
159.124
138.832
131.820
137.017
158.886
176.481
162.839
141.105
133.339
124.617
138.235
157.414
168.621
160.021
152.827
150.023
143.623
144.087
136.414
148.081
152.494
168.253
160.646
156.508
132.269
144.825
156.572
179.802
149.246
146.415
114.496
136.309
149.908
175.747
165.130
159.911
123.843
136.106
134.702
186.144
174.108
183.318
117.531
133.099
134.846
175.768
171.309
182.181
132.504
114.836
122.707
165.942
189.471
181.561
142.760
113.508
133.660
152.860
178.337
170.413
152.014
138.911
125.653
132.334
159.047
167.368
164.960
146.609
125.807
132.225
148.374
151.468
158.397
157.456
141.562
140.675
141.123
158.875
166.556
161.494
131.105
136.375
152.556
155.275
161.819
154.403
137.757
123.322
131.887
149.281
162.007
170.258
171.249
142.125
131.216
128.926
150.505
164.532
166.294
140.559
128.923
137.198
138.228
161.775
167.526
165.361
140.386
136.899
129.418
148.612
153.811
160.742
142.405
140.541
143.322
140.966
162.573
154.757
149.651
129.237
128.491
140.490
160.035
163.668
158.017
148.859
126.759
148.125
147.873
159.746
174.397
159.123
142.750
133.713
139.243
149.008
168.654
165.606
156.472
120.446
132.269
138.320
180.753
173.117
161.192
117.070
125.275
141.975
184.503
180.695
163.724
124.003
103.043
139.122
159.954
174.506
167.258
146.297
129.959
128.664
162.989
158.001
177.976
147.711
147.874
135.561
141.654
141.701
170.183
162.502
155.773
135.785
134.047
138.566
166.800
160.720
145.659
139.260
146.172
148.391
157.681
139.277
148.080
138.695
147.831
153.466
147.935
149.278
148.672
145.067
149.020
137.759
155.323
150.994
160.555
144.506
137.997
148.874
152.755
169.598
157.511
146.408
123.487
146.271
162.066
178.660
157.969
143.954
124.594
136.066
160.071
182.913
176.498
151.513
123.782
121.219
156.338
175.417
165.448
152.687
118.954
126.748
137.249
168.966
183.401
162.895
144.133
119.598
134.269
161.187
181.223
173.649
140.895
121.890
123.766
160.279
183.485
164.478
140.042
122.852
139.672
150.402
172.733
150.124
158.974
142.520
148.044
148.928
150.130
157.439
166.219
142.049
141.179
131.423
158.101
172.621
166.232
147.408
140.572
154.349
154.763
165.225
141.857
151.417
134.278
157.197
147.590
148.588
133.201
153.227
153.771
166.887
161.229
130.297
143.246
138.441
157.336
162.323
173.339
144.163
134.616
129.149
156.605
164.494
182.011
148.748
145.771
122.798
149.600
145.969
158.752
156.908
160.176
129.844
143.941
145.925
166.069
149.214
170.237
139.929
141.534
129.206
151.938
153.853
153.669
129.092
152.372
136.658
168.415
146.179
158.375
138.360
153.591
138.169
170.898
154.258
160.072
144.122
148.302
155.441
144.260
152.085
151.492
152.038
147.979
145.198
147.549
140.003
146.265
158.942
161.105
161.597
130.349
146.158
135.624
161.011
161.289
166.477
135.495
136.391
136.138
148.396
158.737
157.598
141.427
162.292
150.195
150.973
147.446
152.574
142.098
146.281
141.842
146.784
140.963
156.284
144.159
170.000
142.189
148.593
141.685
159.741
145.537
143.678
139.835
154.759
154.058
146.319
155.324
160.680
161.704
153.618
138.331
148.632
154.888
161.636
151.884
144.807
136.256
159.575
158.454
153.121
150.118
142.849
155.806
148.813
159.772
149.569
152.060
136.418
147.213
143.133
157.986
172.690
161.378
141.997
130.686
122.356
151.200
165.587
165.818
150.098
145.166
134.684
149.654
164.624
157.048
157.710
141.225
148.083
148.132
157.053
155.042
143.634
140.841
152.975
163.675
167.963
140.102
140.746
145.619
161.157
170.573
153.148
135.403
126.030
136.441
161.249
167.215
175.132
151.348
148.197
118.406
140.527
146.203
177.455
164.995
155.839
135.407
135.276
138.567
148.753
155.777
156.184
156.878
137.548
137.988
129.275
141.192
170.606
169.317
171.546
129.635
127.476
124.443
171.550
174.463
160.076
138.093
126.766
138.084
160.805
167.645
153.680
131.794
130.215
142.515
147.664
170.698
157.084
152.803
140.796
135.816
141.967
164.178
171.860
155.581
134.126
134.755
151.111
163.113
163.104
150.037
135.183
135.210
153.319
168.744
171.612
155.455
143.807
135.114
149.795
149.825
156.093
146.055
157.108
137.798
147.218
146.489
175.399
142.833
147.857
126.292
146.717
150.502
171.590
156.533
151.568
125.986
134.972
146.162
176.320
165.542
155.565
121.927
140.328
140.601
160.814
178.911
159.672
144.103
113.676
131.249
152.021
171.219
170.670
155.513
131.995
135.242
141.569
145.368
168.767
160.762
163.582
141.105
147.020
141.464
166.678
161.407
160.956
147.304
133.194
135.952
151.302
169.616
167.441
160.669
133.233
133.348
136.911
155.130
181.518
170.893
157.675
115.833
124.254
144.143
176.229
173.386
166.344
129.301
136.567
130.051
161.472
165.800
182.025
163.637
153.552
128.625
139.392
141.403
182.132
158.531
162.403
126.884
137.077
141.773
160.518
175.023
161.219
139.443
119.176
114.648
154.388
173.898
192.164
147.468
113.671
118.408
155.102
191.787
188.909
159.285
125.309
125.980
134.742
169.833
171.300
166.691
126.787
127.193
112.015
151.898
184.431
187.336
143.443
132.326
116.782
132.252
160.782
188.627
160.118
155.125
131.817
125.773
148.064
169.662
167.281
143.249
114.388
121.763
147.599
170.889
182.478
175.550
154.661
129.807
119.151
141.485
171.153
182.392
154.800
143.123
114.454
145.693
155.599
187.006
150.392
132.168
108.656
141.643
154.424
189.092
154.290
147.544
110.930
136.124
156.825
173.384
158.948
140.971
146.719
145.307
162.240
145.902
157.680
137.912
150.296
152.907
173.929
166.853
153.011
145.334
123.347
155.611
154.945
166.507
150.281
161.739
131.154
141.397
140.203
161.784
159.681
171.523
160.626
147.357
118.921
126.201
160.091
185.747
178.587
157.622
126.426
110.950
134.866
170.778
190.701
156.031
141.594
129.655
134.668
164.931
168.723
177.277
128.620
138.635
134.042
161.982
170.540
151.580
131.970
121.042
141.548
161.514
169.602
150.605
144.846
121.610
140.901
164.269
177.051
150.552
149.776
126.833
145.512
147.861
168.513
169.411
155.673
143.406
116.259
136.298
158.179
176.094
184.068
154.240
111.490
115.263
156.140
165.590
168.350
143.452
125.092
132.189
161.951
181.458
175.114
147.682
124.979
132.090
150.715
169.544
168.071
148.468
127.587
117.056
133.621
175.069
189.182
161.347
116.403
111.207
141.655
183.938
174.225
177.461
137.284
142.325
116.080
159.645
160.454
173.981
153.957
152.828
126.200
140.416
134.607
162.722
165.543
169.167
137.254
133.712
127.721
152.557
159.928
162.680
158.533
124.754
138.123
129.327
177.816
155.004
176.121
139.190
138.538
112.423
144.925
147.803
183.874
167.440
144.079
123.154
120.628
144.049
176.635
182.574
156.623
147.518
121.242
155.069
173.765
181.707
154.674
114.926
131.000
151.642
184.124
177.217
173.232
112.518
133.905
130.997
171.802
170.955
159.149
138.442
121.566
138.208
147.799
169.687
174.740
161.114
140.204
125.180
141.079
161.411
165.120
170.040
159.117
135.871
133.905
122.677
162.313
170.259
171.977
139.101
143.267
126.288
150.373
154.816
155.978
150.262
144.832
154.501
147.577
158.117
154.587
157.684
158.134
135.166
146.902
157.374
168.720
169.310
142.311
145.441
128.353
168.222
167.236
183.289
149.140
123.789
122.068
159.012
168.919
176.925
144.709
140.720
119.693
155.166
154.422
173.599
152.604
158.097
137.094
149.026
146.478
155.625
162.616
162.034
146.420
143.445
137.396
144.686
153.600
154.728
160.245
150.185
141.322
132.743
143.307
162.994
168.495
170.826
132.162
128.581
126.383
162.365
176.896
165.954
139.075
127.120
119.565
147.090
152.774
177.917
145.702
148.212
125.483
135.881
154.853
161.021
164.828
152.202
138.233
137.614
133.824
168.836
162.396
159.108
127.760
135.350
136.229
168.879
166.586
174.053
144.182
119.745
132.387
145.616
172.939
162.707
138.944
135.161
136.431
167.473
175.365
153.961
130.081
128.589
147.317
174.883
170.616
155.311
121.820
118.313
148.516
177.409
177.322
165.951
130.818
128.030
138.546
168.367
178.163
169.565
127.036
110.345
134.657
171.870
176.119
182.844
153.443
115.542
130.620
138.315
169.934
169.411
177.008
121.747
121.926
123.770
157.298
172.031
171.383
141.849
134.800
123.947
161.738
169.557
174.127
161.682
147.934
133.862
142.403
159.209
173.216
171.170
149.184
122.201
130.101
155.185
174.173
158.354
152.638
127.506
135.481
131.129
167.319
152.918
170.830
147.252
144.835
121.966
151.376
148.929
171.773
163.700
156.829
137.205
134.450
137.629
161.671
167.572
152.500
143.645
140.159
152.348
142.562
149.174
162.790
172.629
164.999
144.221
122.638
134.200
161.822
166.180
167.081
134.178
136.041
140.148
150.885
155.049
159.300
151.565
159.944
128.336
150.266
131.878
175.735
156.401
175.036
149.265
144.360
132.973
149.946
146.132
150.469
153.722
146.780
150.487
149.565
153.273
155.745
147.177
137.551
130.405
141.489
154.504
176.346
160.455
156.295
121.365
139.539
142.794
171.861
163.771
164.758
114.621
119.825
133.518
172.753
177.939
168.600
138.275
130.837
133.409
143.816
164.663
175.123
165.235
133.527
134.417
131.070
166.697
160.147
177.148
153.165
136.665
113.139
138.947
169.841
190.423
162.024
142.844
115.035
132.923
146.506
175.283
172.926
157.845
142.740
140.242
151.581
167.389
156.089
147.042
150.849
138.054
145.069
152.880
144.053
154.042
141.290
154.188
131.625
151.577
139.754
165.434
155.029
144.936
156.410
158.740
155.898
148.628
160.396
156.852
155.997
153.297
145.493
154.833
134.733
146.159
141.676
161.324
169.168
149.763
135.846
132.361
142.474
149.335
147.537
151.431
163.566
154.195
158.649
131.599
135.314
143.356
158.596
157.501
148.492
142.368
139.157
157.392
150.465
158.008
137.600
160.140
142.859
167.697
141.620
156.939
138.119
157.795
135.612
159.594
129.365
148.471
150.962
178.826
161.743
156.792
128.698
135.561
139.272
159.688
163.058
173.604
146.149
133.835
132.629
145.971
178.418
167.533
161.101
118.618
125.103
118.513
166.309
172.237
182.823
141.318
122.748
123.458
159.103
179.594
184.489
157.408
123.222
119.917
130.372
156.831
173.695
174.173
144.045
118.110
131.635
152.611
172.200
174.224
160.208
149.283
130.135
125.424
147.271
157.607
165.318
140.381
139.539
139.858
141.505
157.215
163.710
143.478
141.683
131.916
146.507
149.672
157.038
165.136
160.748
127.865
145.201
150.520
159.787
150.073
143.663
140.474
158.848
163.057
154.588
