64.759
52.023
43.037
37.832
9.658
14.002
48.814
54.850
59.484
56.444
31.402
25.812
25.147
55.658
58.390
46.760
48.035
26.313
3.380
-5.483
36.306
77.289
36.574
-10.729
8.521
24.941
41.334
42.413
10.840
26.983
54.106
22.094
43.069
54.658
37.567
35.842
43.146
46.762
28.062
28.673
20.945
43.899
33.128
46.977
5.684
25.545
49.818
23.580
19.121
11.027
41.011
37.260
-3.145
45.003
35.572
-11.622
33.322
36.777
30.880
56.402
61.797
19.648
-28.394
-8.570
67.247
20.707
8.268
46.130
50.276
32.418
4.647
30.802
30.840
31.475
33.229
37.830
55.358
37.990
-3.259
0.108
4.575
-13.375
12.725
41.887
23.266
26.776
8.333
41.741
46.126
29.465
30.099
22.813
21.719
32.999
36.633
-3.179
-16.885
25.220
78.639
44.391
28.454
28.688
26.384
8.644
25.227
74.727
53.057
56.114
45.458
44.321
0.938
-21.573
21.979
64.987
59.163
26.296
46.848
48.026
15.191
16.481
44.536
51.670
48.040
28.112
36.692
46.476
64.778
55.018
62.815
6.114
5.231
39.217
28.983
38.092
24.603
27.937
44.242
7.740
28.824
68.324
25.980
23.700
28.955
32.447
17.991
28.825
53.121
50.297
8.158
12.498
28.633
25.931
6.409
26.725
46.028
13.279
34.620
59.237
28.902
48.763
35.942
34.926
66.536
32.277
8.552
47.068
74.686
37.125
-14.914
9.743
63.786
49.236
22.586
16.727
13.773
37.277
31.258
22.258
50.308
60.272
15.155
15.493
23.201
28.504
0.765
21.238
25.601
1.324
39.769
45.115
19.517
50.164
38.134
22.748
-11.414
12.219
47.107
55.784
44.806
16.356
17.966
12.646
-13.084
-1.234
27.174
71.194
70.053
32.219
50.069
63.809
14.089
36.862
47.058
26.708
33.756
41.903
28.275
14.686
27.570
20.136
14.596
31.657
43.911
23.398
4.842
21.525
36.804
18.267
13.857
49.434
37.101
37.462
36.056
35.030
31.841
20.353
22.268
18.218
21.063
34.228
28.786
12.114
16.548
23.856
40.012
19.037
-2.264
11.872
21.205
29.696
42.967
33.431
26.077
32.934
39.820
12.876
14.863
14.203
24.752
39.709
14.706
16.723
30.204
0.867
4.983
25.028
47.874
29.529
14.780
53.054
77.970
37.813
22.626
23.489
41.060
23.447
-0.962
14.901
37.014
47.607
35.695
-9.422
-3.033
24.402
3.865
6.111
-5.768
9.471
66.420
50.269
46.711
18.763
4.851
22.291
25.997
36.585
29.427
3.879
19.489
30.230
18.971
35.343
48.686
25.630
27.684
13.022
17.075
57.431
23.373
30.884
43.665
12.086
24.637
44.994
28.967
14.308
20.204
13.367
28.685
29.535
19.135
16.836
61.128
49.647
23.984
40.242
20.464
27.105
23.972
47.988
52.684
33.202
18.518
53.822
54.615
31.568
36.533
25.602
23.284
56.561
13.813
17.693
18.871
9.770
20.138
18.902
27.115
43.068
19.525
25.656
40.612
35.988
16.771
29.761
34.753
4.664
15.695
44.447
38.765
43.670
39.792
7.646
11.087
35.750
48.692
16.078
31.426
69.047
53.870
1.352
49.963
65.951
38.376
67.708
66.621
5.281
-3.585
9.904
40.171
39.677
15.622
33.309
43.865
22.560
43.732
33.718
27.457
19.031
-12.103
-0.887
14.763
48.094
45.236
21.798
20.150
47.869
34.128
11.781
49.529
63.854
17.925
23.499
29.827
47.946
36.038
39.594
23.637
9.882
20.429
27.546
3.574
18.397
41.132
16.259
22.268
12.751
1.372
11.544
35.678
35.374
60.090
62.436
49.391
30.222
43.978
55.616
10.920
18.769
24.335
42.647
58.597
18.603
-8.488
25.486
34.475
19.533
37.812
31.296
8.598
40.877
39.674
40.998
50.397
22.801
21.723
26.201
30.518
1.740
-18.348
43.266
58.836
17.668
29.884
26.392
29.003
42.773
1.635
-20.250
28.855
34.480
7.028
6.703
33.008
33.649
24.983
23.679
44.089
56.752
39.719
16.218
8.856
23.688
42.666
18.421
52.190
41.686
36.710
3.667
4.808
35.155
40.815
11.668
13.609
6.892
27.267
18.131
32.848
29.783
20.770
33.635
17.318
9.457
19.010
15.242
51.474
44.126
38.160
34.470
14.402
50.027
57.440
17.940
13.157
20.398
14.018
3.089
9.760
73.202
74.610
28.582
26.443
58.365
38.300
25.021
32.458
27.534
52.272
42.877
20.440
16.119
48.838
38.817
14.052
-3.109
32.971
66.226
55.738
47.192
35.915
42.509
21.782
-0.754
15.513
41.165
23.462
22.499
39.242
44.722
49.607
18.407
-3.367
40.306
48.154
48.292
37.388
28.264
30.643
49.470
48.606
0.288
16.306
44.734
30.995
24.536
49.341
24.405
1.398
43.794
21.873
28.921
13.954
22.232
23.879
-0.117
14.418
61.579
24.373
45.603
59.055
39.047
32.393
26.334
36.069
52.939
14.532
23.651
60.737
53.945
2.016
20.497
66.798
72.275
59.518
36.642
33.252
33.764
20.850
2.413
20.644
8.531
31.814
61.518
26.674
20.010
25.778
56.158
76.580
14.708
10.732
68.600
62.935
16.349
22.315
11.732
17.994
33.693
39.441
56.909
41.102
23.522
37.359
58.533
39.160
9.437
13.226
-6.030
31.406
51.149
-1.611
7.350
9.170
-11.253
35.885
22.098
22.236
54.713
46.796
27.591
47.668
20.868
34.495
26.845
22.195
57.973
53.693
53.035
39.677
14.730
-19.490
41.857
63.674
47.073
22.692
36.142
27.570
18.345
17.921
26.088
45.801
51.175
32.274
18.268
31.589
7.207
19.079
71.411
45.909
39.822
49.344
47.940
25.968
39.122
38.779
34.877
11.119
11.671
27.853
6.355
52.254
54.040
7.371
24.847
30.978
35.802
58.329
36.749
-3.108
-7.038
43.672
53.872
16.840
18.800
30.348
51.419
76.259
36.887
31.941
56.112
51.217
29.867
26.153
-1.262
9.054
50.585
41.126
0.659
14.455
64.204
48.702
15.663
29.209
17.987
19.705
21.686
25.740
41.736
64.821
38.512
26.644
31.141
36.424
21.619
4.568
-10.686
10.191
55.635
55.500
28.262
-4.597
18.246
46.616
51.333
11.825
8.439
40.897
24.725
22.440
38.107
16.611
44.003
25.940
18.765
29.873
18.696
20.814
48.541
59.964
40.863
51.952
48.418
41.952
30.925
7.980
3.334
32.272
20.892
-7.306
55.351
40.938
3.694
39.255
56.164
44.549
41.678
40.343
31.354
43.883
32.231
25.709
37.992
59.920
24.027
29.078
38.719
9.248
17.025
26.975
39.639
75.532
48.048
15.337
57.784
68.602
13.993
34.111
20.137
33.862
16.989
7.353
33.371
4.084
1.122
3.140
33.674
29.270
20.111
41.712
51.703
28.218
6.496
7.520
14.794
-9.535
-1.766
12.407
35.189
44.643
9.979
4.346
32.895
28.558
41.922
49.460
60.747
58.352
17.313
4.842
21.353
56.209
25.281
42.119
47.229
18.206
29.083
21.418
25.837
19.694
16.558
3.132
38.993
55.158
28.310
18.094
53.371
71.633
23.473
22.628
22.512
29.195
45.880
52.911
53.408
42.954
4.103
16.466
54.223
73.933
38.334
34.037
24.489
4.430
27.231
50.228
67.634
25.221
17.276
29.781
47.081
51.517
33.659
59.607
65.521
26.428
-3.036
33.445
71.234
38.769
46.771
39.937
0.573
-1.795
10.375
34.166
24.651
21.625
30.814
31.424
51.998
49.242
56.627
28.881
16.470
23.743
41.590
36.990
40.622
26.187
35.312
15.509
30.301
23.462
34.171
42.458
45.694
23.656
43.690
69.441
22.700
-11.213
12.423
37.787
51.813
53.286
40.510
20.091
50.037
73.132
25.961
9.484
4.477
19.643
42.741
25.990
15.924
18.256
23.542
29.572
21.943
14.830
68.500
43.486
-6.227
41.522
39.880
-3.947
40.461
64.870
27.965
47.677
37.531
4.696
7.943
23.589
20.748
14.008
0.256
-5.157
46.581
47.863
8.291
40.183
44.775
34.083
25.186
53.437
29.846
8.756
21.199
6.286
-13.067
45.204
43.319
29.164
11.493
41.902
69.901
51.370
28.256
51.798
36.205
36.996
46.043
35.039
42.765
28.008
11.892
33.555
48.446
-3.622
14.411
53.021
30.142
3.027
-10.089
26.486
39.302
57.148
48.585
26.784
40.368
64.776
18.626
9.551
27.223
49.037
59.392
35.916
21.842
14.110
15.175
31.926
57.049
55.129
8.772
0.573
24.483
7.724
41.718
20.483
30.715
28.004
27.085
52.956
35.544
39.713
35.643
49.463
59.194
9.717
7.336
44.785
31.635
16.203
50.282
44.216
20.538
2.642
32.218
50.783
46.890
20.260
4.330
51.854
63.699
33.731
-6.698
11.971
20.010
51.876
51.842
44.750
28.162
25.383
23.929
27.398
47.761
42.418
27.614
31.878
40.544
65.704
49.692
39.996
37.078
17.830
9.701
4.870
64.936
60.751
6.300
15.440
28.712
30.439
69.130
14.316
-2.278
49.252
26.286
37.731
55.487
47.060
9.959
-8.426
39.300
20.848
23.455
36.491
-4.992
-2.374
33.681
15.198
35.327
47.063
55.758
20.529
21.523
25.959
26.990
27.311
10.961
46.555
61.989
36.680
13.617
5.436
20.297
22.236
59.695
52.762
27.121
47.341
22.970
19.173
46.139
10.405
-2.102
32.912
57.223
43.022
34.371
10.810
-8.183
-10.283
21.185
61.870
50.206
9.492
9.115
22.587
42.496
19.630
10.430
8.692
52.151
55.945
27.652
13.694
44.174
56.476
32.269
15.823
31.963
36.799
45.676
11.284
13.694
27.339
43.663
48.937
25.445
8.548
38.002
46.973
15.105
13.564
21.201
40.889
55.483
62.505
34.904
29.675
22.680
24.127
38.517
58.395
52.742
23.117
2.262
4.419
29.193
16.795
19.485
32.992
24.375
55.135
63.531
32.291
26.984
25.906
30.241
-2.011
33.060
33.657
25.451
27.820
22.439
12.573
54.970
33.939
-1.681
28.934
32.343
18.434
45.733
64.895
51.819
58.737
39.049
27.901
27.743
44.819
31.506
-8.303
20.808
21.957
7.603
27.860
13.106
4.600
32.216
38.540
13.084
-11.559
2.174
15.861
21.386
38.167
53.361
29.426
13.265
28.305
7.556
22.346
23.225
37.345
29.637
33.357
33.718
23.586
29.628
33.745
57.332
46.001
12.038
29.533
40.695
38.111
48.096
11.290
-13.557
53.876
71.108
36.810
7.069
48.611
30.238
-2.522
25.615
37.646
9.054
-7.857
29.169
30.095
18.220
20.801
38.500
33.344
5.812
33.256
54.136
50.346
49.716
45.333
44.636
31.735
13.308
22.735
25.490
38.460
24.965
25.200
13.064
39.936
53.652
12.068
8.817
17.232
40.673
33.539
9.729
17.097
39.137
58.386
38.145
23.588
38.561
24.059
13.882
34.722
15.621
-21.273
-3.392
8.298
7.658
41.188
48.854
8.903
28.183
31.336
19.880
38.117
53.449
17.490
29.960
42.703
41.873
26.834
9.292
36.611
26.704
13.986
-1.480
32.706
50.501
69.337
57.119
33.092
46.739
46.617
15.894
39.735
62.681
-5.098
3.409
26.925
63.753
33.760
32.080
30.666
30.077
23.995
17.614
27.071
52.086
27.131
1.955
35.190
42.862
10.012
7.694
6.559
3.323
6.246
36.479
23.673
0.167
27.869
48.311
51.757
50.362
49.720
38.613
33.130
32.227
37.572
36.503
33.744
19.149
22.497
16.320
13.063
45.833
21.091
1.584
15.875
34.333
36.389
51.169
54.723
36.069
16.615
-11.394
12.212
44.295
35.935
15.641
31.620
56.106
51.819
44.875
44.055
20.443
23.064
29.637
23.101
26.811
44.008
44.503
35.599
29.215
30.375
30.549
10.430
26.717
26.802
15.759
32.068
58.442
58.293
15.403
6.666
19.289
2.419
12.904
30.148
27.960
-7.742
2.407
44.856
71.464
54.564
25.829
57.839
65.186
41.147
19.076
25.822
47.278
36.782
21.081
33.155
35.236
43.394
15.657
-5.748
27.667
28.468
61.694
53.192
30.342
61.421
76.875
30.364
23.245
4.420
11.032
-7.211
17.120
63.729
65.724
6.199
36.562
33.345
28.373
50.509
39.087
24.677
-15.312
9.652
34.517
34.287
24.361
26.782
39.897
56.557
39.296
32.268
28.033
39.546
37.839
39.530
21.385
22.993
29.556
61.971
45.775
37.760
30.397
34.908
51.644
7.733
9.807
54.281
55.831
33.227
18.551
2.305
39.591
47.872
47.176
60.915
49.910
40.330
35.355
25.800
39.218
38.976
0.835
-1.179
47.727
62.697
50.702
28.872
1.407
20.222
41.807
24.042
56.971
59.927
35.446
54.620
3.258
31.041
29.344
50.332
82.319
42.911
13.762
-0.080
11.557
16.741
-0.239
53.806
63.335
28.057
18.499
44.124
72.191
10.625
-16.929
16.636
23.589
39.302
33.269
29.142
39.038
50.181
34.496
18.874
36.269
12.834
36.581
27.766
28.640
39.519
57.677
63.226
31.102
7.588
23.989
34.643
0.867
-4.546
32.295
17.651
-2.956
34.391
52.825
38.424
22.725
27.574
54.676
59.826
44.943
41.762
36.029
42.881
63.065
44.886
16.128
44.689
66.908
40.391
9.836
4.626
34.833
31.740
26.923
5.366
17.522
29.902
13.018
16.830
55.417
68.270
39.878
8.109
16.426
18.548
26.358
25.193
12.693
19.556
43.118
56.937
36.246
-6.483
41.337
70.960
39.074
22.984
12.673
38.617
47.807
47.398
22.854
-14.531
18.330
36.284
39.436
55.845
45.050
1.924
40.379
20.414
1.358
32.590
34.970
17.073
42.786
67.945
11.652
6.794
29.288
10.934
19.188
35.805
25.141
7.418
11.962
29.947
46.569
50.018
58.274
48.230
-7.907
6.301
23.353
43.318
66.072
70.019
27.716
24.447
26.875
9.842
16.786
50.629
63.981
21.765
31.130
42.195
41.104
30.148
47.614
58.624
10.349
-0.485
27.526
42.603
12.045
47.085
11.241
33.936
45.474
55.454
20.951
3.121
5.981
35.345
6.503
25.244
40.553
28.585
27.761
27.796
-5.608
7.922
23.521
31.832
57.861
26.804
-0.158
-20.306
16.844
50.747
30.705
53.622
80.211
78.042
17.376
19.196
52.014
42.414
54.690
23.714
6.095
46.517
28.031
32.020
27.618
32.795
33.080
32.849
51.699
37.741
-4.023
22.668
45.782
73.209
39.326
1.065
-24.159
39.796
62.771
42.184
12.230
43.988
52.863
30.809
12.136
10.409
15.757
37.515
47.784
39.700
30.527
37.663
37.455
34.041
27.100
43.580
34.712
37.004
59.773
57.101
52.480
18.186
-24.594
25.410
43.934
21.629
27.791
39.586
12.047
12.390
28.119
43.448
15.130
17.641
12.139
15.015
27.140
6.333
1.942
49.580
81.029
25.704
-1.691
13.009
16.980
22.430
24.750
29.877
30.958
28.191
27.936
17.616
37.194
48.043
26.742
23.366
55.210
36.946
54.846
19.084
4.017
23.643
9.679
4.419
45.099
30.845
0.130
54.262
46.268
15.001
30.464
14.179
13.909
62.255
43.328
42.994
43.848
41.257
26.398
26.046
4.958
27.158
65.407
35.572
44.772
21.930
-6.739
-8.524
38.498
32.924
8.041
22.896
30.085
-6.125
6.824
23.103
15.557
27.609
76.062
41.763
31.524
62.611
57.326
48.382
28.758
24.652
18.768
7.891
-0.478
39.724
48.823
56.411
29.106
8.459
-13.927
15.229
42.281
63.974
43.146
38.071
38.177
43.254
40.716
20.403
-1.973
45.290
25.920
-15.954
22.675
39.149
29.976
21.997
47.341
47.532
44.612
40.536
17.106
41.038
42.374
52.694
57.425
37.417
58.947
62.786
35.039
46.337
35.694
22.764
18.978
30.038
42.587
40.178
11.978
31.624
56.943
17.724
11.641
49.609
43.442
5.223
4.997
35.326
33.057
41.371
27.372
4.730
-8.894
28.553
60.861
44.830
36.668
40.759
46.596
25.588
29.244
14.925
26.789
22.558
38.958
58.541
21.685
17.305
28.831
38.818
40.607
24.314
17.345
9.801
26.905
47.546
39.616
29.470
12.217
5.432
25.991
20.164
44.494
42.718
11.443
14.149
16.772
40.451
40.399
19.961
3.417
3.473
11.725
34.713
21.108
23.394
61.721
46.793
57.103
21.049
27.903
50.696
62.144
52.279
38.953
64.116
45.221
36.367
56.774
20.031
14.850
61.608
34.107
11.246
29.041
47.555
56.424
44.445
36.239
39.278
18.550
22.857
6.645
9.469
36.181
53.179
45.609
25.850
12.980
35.746
51.564
26.963
37.314
3.972
0.442
35.339
42.400
20.737
22.426
27.845
51.817
35.165
23.303
23.899
19.823
33.352
15.490
-0.269
40.226
49.342
20.624
16.399
35.561
48.726
47.273
-3.309
48.696
34.255
-9.462
30.654
56.798
8.221
15.962
46.515
23.834
21.419
40.769
-5.200
12.765
46.495
40.739
27.434
11.576
18.492
45.601
55.210
54.624
27.778
8.355
25.367
-1.491
5.149
39.776
40.342
14.666
14.750
22.195
43.551
42.658
24.254
46.868
27.664
25.339
1.382
2.186
16.505
23.355
59.463
45.158
22.066
32.957
43.952
68.816
26.572
-7.038
33.838
74.815
49.044
-7.372
3.544
21.341
16.263
37.576
58.048
33.458
-1.516
9.530
36.395
27.385
11.115
20.369
38.372
27.087
22.575
41.343
33.612
0.147
6.871
45.694
23.325
27.373
52.537
42.865
21.810
49.761
10.510
20.690
29.736
30.696
39.524
28.436
41.805
50.087
19.812
37.657
45.995
51.510
20.826
20.655
29.890
36.764
3.105
13.739
34.957
64.929
43.708
7.400
6.560
24.373
36.392
31.774
6.715
10.652
42.319
44.913
43.262
5.222
49.593
57.450
26.990
52.886
48.208
12.989
5.675
17.006
37.963
38.992
49.212
42.977
34.511
25.017
28.718
35.524
55.248
35.832
3.708
41.153
25.655
35.236
51.943
59.274
59.846
67.367
31.463
23.068
52.212
48.692
49.870
35.112
5.283
28.058
26.893
14.805
18.460
8.909
22.470
26.337
38.913
3.401
16.167
35.136
45.319
6.560
5.906
47.883
50.615
6.298
29.882
68.363
17.817
6.258
55.649
43.018
-8.488
15.601
16.177
30.708
46.502
54.175
43.453
26.541
45.523
14.345
13.871
9.886
12.945
31.281
14.424
14.441
46.610
25.532
1.184
1.777
-11.965
35.386
36.671
-2.781
24.612
18.757
26.096
23.199
12.577
40.565
13.165
11.118
39.022
41.352
4.659
2.891
49.176
44.921
37.300
51.650
46.241
27.725
-4.624
39.844
62.069
7.732
25.460
39.577
9.552
22.345
10.517
33.135
71.315
40.975
18.062
35.009
48.990
20.587
17.030
19.990
-3.790
39.796
47.589
20.327
38.426
43.754
41.022
51.089
37.754
19.868
8.277
38.554
64.257
24.804
7.385
9.307
27.353
49.819
48.097
62.388
60.411
19.825
12.528
38.005
35.479
31.022
21.600
13.632
47.741
31.269
31.509
29.491
34.488
45.290
15.203
3.388
-11.694
33.926
21.842
34.332
38.160
43.322
41.867
32.011
32.345
-7.857
6.678
16.846
8.390
45.404
33.536
-7.909
14.683
34.838
3.068
45.222
23.857
13.173
34.451
41.167
38.427
6.651
19.460
29.415
3.207
55.545
49.436
26.177
35.487
35.370
5.723
39.278
51.846
26.713
16.207
18.386
25.479
53.577
77.686
47.707
1.202
10.939
59.476
65.379
9.026
0.269
0.146
27.733
74.223
50.382
7.511
17.412
61.952
64.372
45.275
-4.461
-29.658
21.139
16.905
5.223
34.676
20.638
30.436
41.168
16.635
45.254
45.645
18.264
34.183
36.024
32.935
31.782
48.753
47.426
32.670
37.801
44.051
52.269
34.284
48.476
48.119
38.004
19.279
20.851
18.941
41.443
26.433
17.207
41.497
41.965
21.399
0.452
27.985
38.464
15.976
17.459
4.215
12.595
50.977
39.445
10.167
5.842
44.757
73.054
57.127
28.213
27.868
3.469
45.893
71.995
21.727
40.935
58.961
64.183
27.239
6.498
11.745
53.737
45.232
5.911
41.159
40.021
4.942
56.731
56.632
30.802
39.177
28.194
5.344
14.556
29.638
33.457
20.504
6.578
5.992
42.944
50.930
15.703
9.801
29.634
28.931
11.279
19.937
45.738
56.095
45.114
37.155
31.055
6.293
26.570
28.723
63.469
45.650
-13.881
-7.530
27.062
32.700
26.261
18.457
42.577
20.778
26.265
45.102
57.508
27.125
18.543
32.973
-2.638
26.538
70.646
34.304
40.645
40.781
8.593
23.682
39.223
24.723
46.066
28.371
21.365
38.808
32.324
16.284
46.280
13.889
4.431
48.950
50.729
10.813
-10.036
18.151
57.438
19.264
23.221
26.897
29.639
15.468
44.860
48.502
29.910
32.064
3.960
-3.954
54.227
56.899
15.126
46.216
71.741
43.110
31.563
21.953
25.391
25.440
13.676
25.854
31.967
19.293
6.092
26.452
39.857
27.618
32.830
23.193
26.579
32.560
48.388
10.675
10.813
31.794
19.107
15.726
59.756
50.998
15.182
38.333
71.942
31.235
-2.472
6.410
21.083
40.773
35.993
6.720
-5.323
22.547
31.571
33.644
26.972
3.387
13.016
60.288
66.712
22.030
21.461
37.341
19.941
14.638
16.994
43.950
57.049
20.712
-11.238
33.403
59.771
32.834
30.993
38.196
17.737
25.118
38.429
62.055
18.931
-5.047
27.590
23.020
9.152
31.118
13.158
52.725
42.713
22.085
53.469
25.033
26.374
62.784
18.880
-8.414
-14.747
16.407
36.564
30.002
34.313
35.404
25.705
47.068
67.508
46.287
22.948
-0.200
26.403
29.542
20.973
38.048
43.770
47.073
66.011
32.840
10.432
33.784
59.661
58.837
46.627
30.308
50.407
46.554
1.096
24.662
27.541
28.638
58.688
42.287
17.659
7.169
38.386
71.084
25.414
-13.849
5.290
30.420
43.730
12.637
32.241
50.993
55.272
31.122
6.276
45.354
17.790
15.975
36.040
45.960
39.731
6.631
16.493
37.912
37.663
9.207
-13.600
-3.073
53.806
86.974
14.466
6.481
26.439
32.705
35.155
49.240
22.055
37.324
66.433
42.976
51.150
54.297
16.301
-11.517
32.439
61.035
67.816
48.378
22.375
21.782
45.252
53.450
52.196
32.307
10.477
55.788
72.361
21.108
24.343
50.522
16.338
7.611
23.738
31.430
33.177
33.048
19.098
46.168
37.208
35.900
47.980
29.845
-0.362
26.886
44.240
33.525
40.437
55.676
24.180
46.687
56.592
29.367
28.768
50.642
30.052
24.846
31.260
45.495
50.190
22.203
32.098
42.030
0.782
7.508
28.164
47.798
43.264
28.181
50.503
10.827
-0.748
56.163
68.378
59.193
32.072
44.817
15.627
19.797
22.715
-7.244
32.144
30.459
-6.489
2.419
44.009
15.383
39.750
43.600
18.294
-7.114
19.731
50.102
12.172
15.423
30.144
6.834
0.732
41.280
33.332
26.058
11.319
-8.136
-8.576
28.888
32.514
18.528
33.862
58.416
41.337
20.395
13.423
19.976
36.724
23.182
26.313
53.525
8.235
14.752
65.165
24.872
8.906
28.027
61.464
80.268
61.254
-3.764
-7.252
33.930
39.843
47.217
23.354
26.992
38.033
26.049
25.625
51.976
28.815
18.220
47.072
43.454
10.370
-7.401
11.977
38.401
24.364
26.348
-10.026
33.399
64.717
19.190
1.233
20.302
12.768
29.909
30.561
32.593
5.137
-14.818
16.352
46.753
29.816
9.643
14.950
32.482
38.105
46.988
11.409
-2.601
25.397
21.760
24.956
-3.753
-3.759
24.137
36.793
50.003
34.972
35.735
6.165
46.053
94.159
43.737
21.162
13.069
-8.138
13.354
47.447
27.491
8.584
24.499
24.752
32.707
62.985
50.257
7.723
12.831
35.191
36.268
-3.778
21.781
21.444
2.201
49.282
77.328
34.816
23.256
52.721
51.822
12.806
3.316
12.644
22.683
24.787
10.599
4.324
50.989
51.665
48.043
35.016
24.876
0.562
15.555
45.620
33.543
-11.072
3.716
43.082
21.735
24.748
28.965
38.168
6.993
17.505
60.597
60.982
55.403
61.186
61.936
35.515
17.288
6.888
39.329
23.292
33.946
57.016
47.002
33.134
26.617
6.176
34.977
17.001
37.793
30.085
2.795
27.494
44.090
36.803
22.256
11.100
38.319
42.786
63.435
26.666
15.033
44.172
46.121
34.240
14.247
51.172
20.019
32.372
74.789
51.258
29.842
12.231
-2.331
16.722
52.675
33.910
17.702
30.915
15.414
-3.805
33.384
33.524
10.269
31.959
44.231
35.518
37.990
22.631
6.308
10.440
23.711
39.957
59.733
26.942
2.257
-12.345
12.277
16.266
21.867
36.993
46.746
4.198
19.642
53.911
51.631
52.486
54.791
48.922
30.573
29.740
47.885
7.259
-5.432
30.955
34.917
30.445
47.126
31.252
2.326
8.440
50.274
36.473
9.514
21.994
5.980
20.326
69.943
54.149
9.114
58.707
53.818
11.938
49.165
37.134
12.247
20.447
27.516
30.078
48.356
21.090
16.325
14.055
6.965
46.878
35.388
23.298
4.587
30.231
17.497
14.609
27.165
33.287
28.055
21.736
39.509
30.897
18.136
46.312
51.117
50.632
33.113
4.164
1.312
16.445
41.537
27.406
-11.894
29.031
24.059
18.661
21.371
48.888
52.184
17.404
5.599
11.526
-5.134
23.373
31.995
26.572
38.996
12.392
5.211
41.458
73.954
58.813
17.219
-20.602
1.022
51.228
55.045
37.530
29.556
48.920
56.021
13.033
43.945
51.056
54.965
15.709
-0.894
26.769
57.730
22.833
1.458
35.275
52.572
55.777
37.556
22.838
23.278
19.866
13.051
21.147
16.827
26.863
25.169
39.223
62.609
28.254
21.753
15.635
15.665
39.542
55.705
36.490
0.311
-12.465
20.139
17.010
18.091
10.060
-3.574
42.739
38.106
24.218
25.905
20.110
13.662
23.522
49.865
22.369
17.484
57.721
77.273
34.154
3.693
0.705
27.118
66.507
79.461
65.752
33.957
-8.915
1.089
32.534
38.517
6.721
-0.291
33.175
63.470
30.181
18.110
57.490
52.195
31.253
31.686
36.323
44.782
52.421
30.889
41.255
54.600
27.746
39.614
18.575
41.160
31.556
42.036
24.861
19.036
29.477
30.374
39.585
38.092
12.210
8.040
33.846
30.463
17.748
29.764
41.861
19.230
1.805
16.973
22.667
15.156
-4.073
34.957
38.574
21.104
28.960
16.107
-1.145
6.310
26.415
46.004
19.510
21.035
53.137
19.628
5.528
16.409
38.401
12.174
49.878
35.252
3.133
2.598
30.861
14.439
-10.104
24.992
53.254
41.969
44.805
35.941
27.252
48.365
27.252
16.964
19.665
40.928
17.404
1.709
-1.263
28.780
33.057
26.926
6.824
47.485
42.722
32.993
35.407
13.859
60.585
47.302
18.236
23.315
25.145
29.268
29.811
69.168
44.058
42.919
23.670
11.791
27.303
13.187
56.714
30.435
-10.432
30.903
41.914
22.683
25.534
25.739
27.898
29.265
44.880
48.672
11.373
-26.561
6.301
46.836
38.819
52.474
50.042
25.344
27.158
15.043
25.937
53.166
57.042
25.007
26.321
39.175
15.215
32.583
55.846
23.111
9.043
39.418
30.738
-4.652
34.202
26.568
47.251
66.726
20.696
33.012
14.927
17.767
63.277
28.250
1.793
42.028
52.683
39.017
19.007
43.679
26.055
-10.699
33.737
61.405
50.009
56.901
32.483
22.220
45.321
29.919
17.739
43.700
14.948
7.565
-3.078
28.637
40.759
45.183
57.867
22.379
6.833
16.109
28.689
18.959
41.571
47.252
-2.964
3.615
73.345
32.281
18.661
15.890
30.179
47.600
63.038
48.628
46.666
44.823
37.008
32.076
19.062
23.580
23.384
23.637
18.368
41.634
44.133
27.525
1.468
-10.663
24.382
13.751
24.048
47.904
74.027
56.714
-8.631
6.974
27.517
27.247
48.042
33.721
3.881
15.676
67.271
59.923
-10.805
-1.379
42.629
26.675
28.775
26.856
53.732
34.920
17.093
37.633
52.597
48.667
6.155
2.690
38.295
53.895
21.218
0.630
25.429
26.676
43.390
44.485
23.042
48.477
25.783
32.740
55.537
27.455
12.499
26.974
26.447
12.408
38.592
67.462
49.825
36.227
47.284
28.287
21.794
9.824
26.214
48.854
49.074
-0.621
10.833
8.818
35.116
34.115
8.191
39.272
68.384
62.514
35.362
42.364
41.842
7.927
7.815
17.672
45.298
42.465
40.378
52.882
31.752
6.083
22.182
3.471
43.921
42.304
33.293
35.859
24.634
16.579
31.427
41.027
44.693
39.637
16.286
-5.635
7.701
48.857
46.204
27.964
19.633
39.355
31.978
49.865
50.826
41.110
38.054
37.495
16.801
22.946
38.984
3.918
18.924
35.121
17.432
15.557
42.230
48.379
34.136
23.451
46.426
16.561
28.588
32.426
21.019
43.352
30.284
-1.877
15.911
58.099
50.241
39.165
48.420
40.119
22.842
7.744
-12.511
32.014
33.958
58.417
48.613
36.430
17.055
11.172
26.953
24.257
41.185
30.480
27.781
24.205
6.982
33.246
10.542
29.040
45.796
13.563
22.735
51.057
1.998
27.033
40.447
16.574
-7.812
-10.200
11.916
70.248
39.856
21.115
43.869
20.400
4.126
2.166
26.340
67.089
36.061
40.500
53.328
16.808
48.438
43.501
41.605
52.107
39.098
21.891
21.628
45.379
21.892
7.615
49.705
21.974
14.833
45.245
3.248
28.412
34.325
29.063
43.524
26.225
28.292
30.874
8.549
10.218
33.368
39.680
46.575
25.670
30.445
20.471
4.374
37.763
22.306
18.042
38.163
22.187
17.811
-2.634
6.234
28.649
20.492
9.116
42.297
70.280
40.287
24.737
-6.756
2.137
3.772
24.182
48.748
23.852
-5.478
11.061
28.825
31.116
19.419
22.244
16.652
23.025
3.925
30.502
32.707
44.359
36.885
27.411
17.775
8.803
38.568
60.764
51.079
57.911
29.782
17.771
43.207
13.992
14.592
39.738
21.034
10.584
21.829
30.595
61.432
15.655
23.199
10.878
14.903
57.649
50.415
4.542
25.271
25.872
37.467
17.660
10.832
28.811
19.829
37.336
29.694
25.804
23.750
64.193
65.775
22.270
-1.641
27.726
59.000
43.505
37.290
47.408
16.469
30.580
47.348
65.412
35.063
3.483
14.045
32.168
24.045
9.018
28.257
35.691
21.280
5.805
4.856
33.690
38.691
22.242
15.437
47.475
28.797
42.059
44.075
11.195
-6.956
35.454
44.774
29.686
-3.613
7.980
50.323
68.901
57.583
-0.793
-11.301
39.225
13.182
8.174
19.822
37.483
34.769
31.711
31.862
20.844
15.328
18.823
43.686
51.665
45.598
14.741
1.644
11.570
16.043
13.841
19.056
31.184
27.839
22.896
65.964
50.327
0.361
29.006
45.315
37.906
43.890
38.265
32.052
11.569
3.100
28.228
31.869
46.152
40.237
26.558
44.151
20.771
20.565
52.641
30.949
17.480
31.940
8.441
29.588
55.239
26.501
34.644
27.242
14.343
36.378
30.988
15.371
40.960
19.590
0.325
46.017
59.822
24.252
41.005
56.561
50.724
52.793
26.272
5.953
36.547
32.060
50.976
23.815
6.033
19.331
43.417
47.958
48.599
33.647
23.463
49.720
21.304
-15.530
29.595
30.028
39.015
49.563
21.007
21.926
33.686
56.351
55.383
52.445
34.137
40.596
33.836
28.338
63.676
35.496
15.879
24.957
12.287
31.114
49.376
30.453
-3.122
31.005
59.042
2.158
-33.824
28.789
53.304
36.655
11.657
48.715
33.223
21.124
45.483
30.326
41.712
29.364
32.005
33.699
26.528
27.575
58.916
32.986
26.916
55.711
49.960
8.542
11.898
31.291
35.410
43.765
54.990
65.198
40.509
-2.516
-0.088
1.516
23.242
53.486
36.116
49.920
51.678
16.820
17.767
39.372
17.051
25.762
9.948
8.222
37.138
9.817
20.304
21.720
40.214
39.640
30.983
9.828
17.418
23.499
30.701
11.179
35.327
30.279
9.394
31.826
25.363
3.816
15.345
39.521
49.311
6.839
7.329
26.085
13.359
16.217
23.373
17.502
-9.747
9.596
64.083
80.634
35.461
9.414
13.103
35.631
23.993
43.822
63.989
4.443
-12.939
53.655
58.429
64.794
30.058
52.807
34.942
15.003
15.655
36.073
41.207
11.190
10.326
39.258
45.496
54.768
46.231
27.548
37.795
21.304
25.533
21.164
31.308
34.633
24.183
41.278
25.209
-8.151
28.745
59.688
17.677
30.718
39.214
50.905
35.154
-3.298
14.510
49.319
58.167
37.520
21.976
49.557
30.328
18.256
10.836
24.622
16.706
-0.450
14.869
17.906
22.382
52.482
30.049
19.694
22.780
41.395
15.443
-13.164
36.917
30.193
43.936
41.048
25.154
55.695
42.727
-4.898
25.907
58.277
44.327
8.349
27.347
62.001
18.186
11.156
24.862
59.129
53.725
38.188
54.004
48.031
10.337
5.882
21.568
58.135
44.856
8.196
15.159
45.319
41.173
5.395
-20.353
29.390
50.378
45.853
29.551
34.389
53.214
20.380
-10.928
3.205
19.079
34.881
27.589
39.898
40.851
3.053
3.382
10.145
31.889
39.757
24.980
24.564
48.880
50.149
15.105
8.352
23.997
32.760
7.520
3.477
57.247
49.622
31.465
-0.204
2.743
65.100
49.129
21.898
17.849
45.191
37.567
18.078
21.140
38.405
30.762
23.196
15.041
11.819
9.539
24.976
12.664
40.868
37.539
24.152
41.846
4.391
14.065
58.644
69.879
27.978
8.174
8.706
18.663
21.743
-12.042
-7.496
49.560
31.062
-15.605
34.419
43.093
21.980
57.096
48.706
0.259
23.351
57.789
58.107
44.636
15.587
24.958
11.968
29.966
35.082
31.574
43.823
37.470
47.841
17.334
37.509
39.807
35.427
45.419
-3.110
-10.773
19.647
-1.031
17.082
33.801
7.860
30.792
65.035
14.508
6.232
12.354
31.098
59.052
55.339
41.113
52.861
20.537
15.448
39.894
18.543
17.106
10.672
32.073
53.709
38.749
36.470
45.108
16.631
39.361
24.372
10.873
41.610
28.925
27.231
37.785
27.156
32.542
28.915
28.202
26.267
-0.569
26.166
44.311
57.335
57.937
21.010
16.541
18.875
51.727
55.955
40.983
47.160
46.212
37.383
31.918
24.035
27.254
49.554
45.539
33.054
28.117
3.286
9.240
11.916
17.202
50.470
34.524
53.307
51.770
25.485
37.152
14.451
23.905
9.956
7.184
39.478
38.941
27.345
39.585
8.673
26.747
39.681
11.961
43.042
40.116
19.021
27.602
1.784
20.633
38.752
59.864
39.391
13.708
17.532
30.246
36.235
60.888
69.710
64.910
36.203
25.109
8.536
13.585
25.599
24.209
16.349
25.745
30.443
44.965
22.088
26.380
52.715
25.592
37.701
26.962
17.465
5.954
20.363
43.400
9.195
23.752
30.559
7.123
35.414
55.544
25.390
28.641
2.627
38.536
53.523
-11.168
10.554
29.571
8.556
12.432
7.113
13.279
11.239
12.079
18.261
33.643
48.212
56.847
37.965
18.948
15.611
35.871
64.301
36.741
17.177
13.662
26.924
45.107
49.363
23.037
-8.204
37.250
53.722
17.043
23.841
22.575
40.710
34.636
-2.836
5.619
57.397
36.115
46.302
60.356
34.470
65.826
59.522
47.375
36.060
19.628
23.724
22.343
32.599
46.064
26.861
5.021
29.209
44.373
4.549
35.686
18.484
14.089
19.304
-3.815
-9.289
18.483
48.307
25.395
39.704
15.038
19.898
5.672
36.364
55.630
35.877
15.906
5.930
33.092
46.552
19.356
32.295
58.140
64.215
53.850
11.320
45.225
63.201
24.718
29.934
21.658
-2.570
10.026
41.597
34.313
31.176
36.887
14.717
-12.081
13.392
62.657
39.906
31.588
31.485
16.487
64.622
55.665
4.314
18.233
44.347
53.690
61.425
35.681
6.895
25.063
53.859
10.528
12.119
54.037
57.551
13.681
3.381
31.106
15.046
-2.007
27.004
60.461
42.688
56.723
35.416
41.078
36.483
33.058
25.855
10.316
9.475
36.053
34.377
32.852
41.249
34.095
5.376
21.030
18.363
7.925
36.785
60.956
55.125
57.882
56.391
24.880
27.882
8.190
-2.562
7.515
33.359
43.006
22.606
50.086
41.211
22.318
4.651
7.141
43.778
27.967
11.758
30.797
56.614
55.903
13.431
12.214
38.816
36.878
6.110
42.181
33.197
33.290
28.025
17.218
31.161
30.140
39.101
14.954
20.804
24.155
14.865
12.888
52.316
42.567
35.174
38.050
21.927
25.989
46.034
52.866
2.837
8.218
49.617
38.773
51.753
47.754
44.666
45.229
16.128
1.252
31.124
46.592
-7.770
11.907
47.200
17.661
-14.366
45.153
55.180
30.855
40.505
50.655
43.578
11.990
22.619
38.957
43.362
23.032
-6.470
-7.843
25.207
42.208
54.935
68.176
60.708
25.996
4.050
51.056
47.720
23.708
25.290
43.423
55.090
32.183
38.323
36.539
28.593
28.616
28.404
18.829
28.446
16.832
5.722
38.072
17.386
-20.037
21.135
33.961
32.928
44.843
44.295
33.000
0.570
37.281
51.490
26.578
45.982
12.061
30.559
39.678
44.307
47.639
28.147
25.785
45.806
39.383
-0.398
17.761
44.244
13.303
3.096
41.821
58.139
8.071
11.249
2.440
7.511
45.151
9.254
32.915
47.701
47.902
30.613
22.467
-5.506
9.784
43.729
55.011
25.553
30.271
39.913
44.343
29.426
24.443
15.586
25.745
5.361
21.661
50.454
10.284
14.849
46.949
48.123
56.413
33.097
12.465
8.425
37.196
27.222
5.771
12.271
47.361
48.078
19.554
3.785
21.995
33.264
51.237
53.452
15.036
32.129
36.368
2.964
22.935
28.937
20.314
36.004
51.702
49.922
26.294
21.309
27.220
11.942
32.129
18.554
-20.390
16.563
63.299
34.485
-2.387
23.522
29.125
31.452
52.916
12.396
-1.653
25.969
28.774
48.308
34.995
15.367
25.401
10.592
29.763
59.285
31.479
3.589
24.790
42.710
49.706
43.563
26.730
19.230
38.369
46.379
29.182
34.847
40.863
5.369
7.906
32.870
47.143
7.633
35.900
39.776
-11.500
23.267
66.952
27.104
-9.330
-2.789
21.924
52.461
63.842
18.668
21.935
29.413
30.540
12.986
27.759
39.404
12.593
28.248
52.955
-3.706
3.414
33.826
22.843
51.808
69.823
30.720
14.466
19.917
4.468
23.433
63.670
56.882
33.942
10.267
2.890
27.145
29.832
19.896
8.452
32.467
4.515
8.049
33.094
27.830
27.999
35.820
48.764
9.809
14.582
53.791
61.519
52.624
41.878
18.974
5.222
8.554
28.540
9.742
-6.463
10.396
24.505
23.615
54.977
69.381
44.602
43.576
17.269
35.942
21.252
-0.686
27.165
48.645
6.331
5.324
58.608
61.846
39.696
27.417
35.138
45.889
51.302
41.523
41.931
35.386
33.789
34.382
-6.580
3.155
37.849
18.829
33.397
20.815
-2.813
0.221
9.479
42.291
44.834
34.205
47.135
56.540
19.426
11.555
59.598
43.271
7.923
-3.530
-13.504
35.318
67.646
58.205
5.713
17.898
53.294
40.105
29.135
36.413
22.734
27.961
10.260
-14.448
-16.630
49.872
48.190
19.683
20.048
34.292
47.245
11.227
8.724
12.831
29.035
25.457
18.817
23.470
61.050
61.215
19.621
29.790
37.714
10.827
29.396
26.937
16.065
63.671
52.184
38.126
31.856
13.966
32.328
32.836
24.881
33.802
29.912
12.101
-0.101
26.551
18.581
26.612
18.993
17.546
22.600
31.103
35.864
18.173
48.463
43.438
23.868
26.582
49.381
29.761
-4.644
17.121
49.879
42.445
46.865
30.968
10.043
34.898
47.718
26.015
46.259
40.920
34.535
34.450
38.910
14.627
20.689
46.467
24.330
34.550
39.557
12.916
-3.424
25.327
43.427
40.859
26.348
22.270
22.151
17.698
39.094
42.981
12.793
35.668
28.622
11.631
1.703
33.630
25.151
48.261
53.458
15.146
8.210
51.855
62.744
67.072
18.784
25.619
26.969
29.454
39.843
42.463
30.545
20.606
23.637
44.086
35.027
43.227
45.536
13.239
36.039
47.403
18.762
6.595
-0.015
52.793
50.802
11.319
24.616
54.088
29.933
23.521
50.873
58.534
8.475
6.925
46.164
36.079
54.764
45.306
31.083
17.439
55.980
48.501
40.900
18.814
-0.621
36.702
51.321
6.060
4.338
26.875
47.814
47.425
48.047
54.144
30.908
51.397
39.129
26.164
44.487
33.009
52.643
15.872
-4.083
26.459
14.271
22.920
29.326
46.150
28.242
5.580
12.116
42.518
45.982
61.271
46.869
41.820
40.258
31.382
34.036
33.438
20.365
16.952
26.714
7.266
-14.115
43.870
52.881
29.301
30.727
31.788
20.499
23.115
39.119
21.954
-4.275
21.898
22.024
28.320
41.065
31.474
30.343
31.151
32.482
13.892
12.290
44.921
28.038
46.531
25.680
23.828
29.869
39.323
30.194
19.629
43.961
34.344
13.777
17.798
45.786
31.340
51.482
40.082
25.125
47.003
22.447
25.724
44.097
48.498
39.329
29.886
39.450
0.570
15.443
64.515
31.067
15.157
41.360
33.552
21.615
6.134
19.572
33.646
36.507
22.273
31.827
10.187
33.456
69.537
20.297
-10.264
-0.619
46.890
59.518
40.889
33.639
22.671
34.367
26.678
29.190
18.138
41.108
34.583
46.981
52.571
31.147
20.351
50.014
71.818
76.811
35.235
17.843
33.666
38.393
32.154
21.499
7.136
11.943
50.965
31.243
34.180
27.690
26.970
4.709
-6.290
29.468
39.574
15.357
20.458
20.997
39.723
52.099
14.339
20.285
17.123
38.062
32.158
25.115
26.398
34.549
35.237
21.060
34.965
37.603
26.724
36.516
46.617
35.554
8.647
37.598
36.038
18.329
10.600
14.531
29.157
19.060
14.408
56.032
41.712
10.871
31.718
31.038
-1.348
0.211
37.817
71.600
38.208
28.307
16.005
45.676
44.996
36.686
54.038
51.851
34.743
29.886
7.086
14.619
31.605
39.663
28.717
13.152
33.172
47.566
27.780
-0.526
35.352
81.446
43.394
24.821
44.960
14.096
12.555
25.757
28.701
43.528
29.878
2.007
19.408
61.991
47.876
48.797
8.476
6.286
55.960
44.585
20.831
21.821
13.935
34.162
44.571
19.591
32.254
50.894
38.215
53.983
56.906
28.041
35.448
35.226
22.055
8.687
40.013
28.065
-2.873
43.122
67.996
47.159
19.055
13.842
20.385
28.259
20.041
53.802
21.412
-11.742
23.049
51.772
44.773
-5.451
9.014
33.320
14.077
9.765
5.156
11.062
10.361
24.953
57.458
57.420
48.657
37.186
45.740
39.562
2.206
-4.561
40.511
38.778
9.661
35.004
39.196
12.477
20.389
22.147
34.543
43.625
4.182
13.910
49.800
38.140
6.209
18.058
39.230
51.027
44.300
28.825
25.252
-3.564
16.551
42.753
28.721
20.736
30.474
23.750
16.079
24.657
12.576
38.528
6.265
-6.896
59.049
29.054
51.264
54.607
44.376
7.961
-8.836
24.707
43.705
39.373
20.921
