  35.653
  49.958
  35.598
  55.441
  53.642
  37.926
  66.992
  49.974
  59.252
  48.717
  42.126
  37.649
  35.297
  50.106
  55.661
  49.899
  58.254
  58.117
  63.751
  48.407
  45.126
  45.577
  39.624
  54.300
  44.648
  54.077
  54.402
  53.460
  54.379
  43.507
  54.829
  49.512
  52.460
  35.885
  43.626
  45.053
  48.728
  59.330
  46.382
  60.502
  57.944
  47.595
  40.652
  34.931
  58.676
  36.737
  49.091
  45.375
  42.173
  60.167
  67.290
  40.147
  51.505
  63.586
  55.388
  57.754
  53.740
  54.501
  41.814
  61.678
  45.565
  47.079
  45.339
  65.224
  66.796
  46.996
  46.962
  33.143
  48.047
  52.429
  59.127
  47.292
  52.932
  56.055
  48.638
  40.083
  38.935
  57.466
  52.188
  62.499
  55.253
  39.671
  58.716
  46.866
  40.309
  51.621
  29.294
  38.854
  53.249
  49.322
  54.925
  56.050
  49.970
  56.639
  54.686
  43.516
  44.409
  41.465
  55.090
  55.131
  43.309
  47.065
  42.764
  61.317
  45.473
  39.024
  43.533
  67.327
  62.446
  53.714
  40.599
  42.836
  50.538
  62.045
  60.451
  49.687
  64.471
  61.120
  56.197
  57.372
  43.398
  41.296
  35.468
  44.471
  43.863
  67.263
  70.855
  56.927
  40.852
  51.086
  51.366
  44.988
  63.568
  52.373
  51.301
  51.385
  60.369
  57.528
  56.839
  68.022
  53.580
  47.547
  51.173
  43.703
  40.432
  52.312
  53.001
  44.184
  62.323
  45.283
  52.421
  50.116
  60.492
  59.228
  43.787
  36.333
  37.743
  70.525
  58.587
  52.147
  67.172
  45.928
  49.429
  43.842
  37.211
  65.118
  70.208
  54.024
  45.205
  34.894
  48.947
  57.865
  60.028
  42.869
  39.492
  53.168
  46.278
  44.902
  51.149
  45.427
  44.710
  37.716
  52.992
  43.162
  36.356
  46.274
  42.318
  35.574
  45.149
  39.942
  39.705
  51.236
  43.089
  40.918
  45.550
  57.478
  31.191
  50.556
  50.509
  56.872
  49.608
  59.752
  50.804
  56.257
  50.364
  37.876
  53.678
  33.153
  44.583
  47.996
  53.566
  60.320
  40.119
  48.025
  51.614
  45.894
  50.019
  54.026
  43.262
  59.503
  66.688
  54.988
  41.966
  51.278
  59.624
  36.778
  53.133
  43.970
  67.860
  40.086
  36.428
  51.646
  47.361
  59.668
  45.939
  54.958
  52.026
  57.448
  49.937
  60.430
  67.531
  54.625
  58.286
  43.563
  52.592
  40.175
  55.808
  34.981
  51.362
  53.651
  62.073
  55.593
  52.811
  73.302
  46.708
  52.684
  34.289
  40.850
  42.638
  41.230
  36.673
  41.813
  69.166
  58.681
  53.196
  61.187
  45.536
  38.451
  38.757
  43.067
  42.514
  57.526
  68.868
  48.283
  56.995
  41.612
  40.052
  62.721
  47.277
  69.409
  55.242
  50.983
  48.859
  47.279
  46.950
  42.904
  49.291
  54.890
  54.029
  58.374
  51.014
  53.753
  54.356
  55.321
  55.031
  52.637
  65.949
  54.419
  41.018
  51.594
  39.427
  50.684
  63.446
  41.692
  65.178
  46.314
  53.606
  44.972
  49.672
  48.174
  51.676
  65.649
  48.601
  57.690
  51.986
  52.709
  45.837
  50.607
  50.086
  47.529
  63.716
  42.591
  31.773
  42.777
  54.140
  53.045
  55.383
  39.402
  53.739
  60.876
  33.437
  40.347
  39.352
  64.963
  64.299
  46.711
  45.908
  32.266
  55.867
  43.878
  43.554
  46.248
  48.348
  57.681
  48.378
  52.362
  50.224
  47.122
  32.396
  47.056
  62.447
  48.084
  46.593
  28.922
  38.300
  60.081
  48.623
  48.398
  58.429
  39.448
  51.304
  55.311
  49.741
  53.389
  36.078
  56.042
  49.202
  64.527
  41.324
  38.932
  57.736
  57.987
  55.573
  48.632
  60.159
  55.647
  67.082
  49.415
  48.210
  58.519
  56.618
  55.321
  31.826
  49.240
  47.344
  46.208
  44.856
  51.354
  69.496
  51.186
  36.509
  28.739
  39.961
  55.414
  59.433
  50.983
  48.512
  60.401
  67.261
  58.608
  49.826
  56.449
  37.351
  47.194
  64.551
  47.399
  60.949
  45.864
  37.846
  49.774
  59.697
  64.400
  49.761
  45.278
  39.134
  50.248
  33.803
  56.936
  39.773
  53.025
  58.204
  37.137
  34.244
  55.884
  50.120
  59.049
  62.568
  50.525
  52.445
  37.308
  53.691
  37.638
  68.398
  61.228
  40.191
  46.690
  50.407
  40.593
  53.892
  58.400
  51.005
  42.721
  61.808
  37.999
  47.975
  62.568
  37.515
  54.711
  54.131
  45.582
  55.202
  44.691
  35.382
  68.732
  69.581
  51.345
  46.025
  50.298
  54.920
  45.346
  54.004
  58.914
  49.442
  50.055
  42.849
  50.310
  69.836
  58.873
  53.865
  50.809
  41.044
  50.700
  63.081
  48.704
  52.275
  53.004
  64.821
  36.424
  51.646
  60.879
  59.378
  68.899
  59.364
  48.412
  46.147
  60.158
  55.346
  49.727
  49.514
  46.119
  37.199
  53.014
  56.722
  61.133
  51.642
  58.429
  44.893
  45.509
  36.644
  50.618
  43.157
  57.103
  57.457
  51.477
  48.680
  48.049
  60.332
  51.984
  45.670
  37.999
  45.184
  48.041
  44.935
  65.843
  49.189
  55.127
  41.748
  59.959
  52.072
  55.725
  44.963
  40.852
  53.075
  51.507
  63.093
  31.911
  48.276
  59.200
  47.530
  48.204
  51.538
  38.690
  64.287
  55.383
  63.659
  53.864
  47.899
  59.195
  47.342
  63.523
  44.825
  43.332
  52.161
  50.306
  47.539
  41.900
  37.118
  42.071
  40.846
  49.271
  52.018
  53.072
  59.810
  44.209
  33.827
  49.258
  48.537
  41.557
  40.592
  48.626
  69.127
  56.372
  46.908
  51.847
  66.692
  46.086
  47.823
  40.542
  66.037
  57.700
  40.762
  33.410
  43.107
  64.019
  57.158
  49.329
  37.608
  45.254
  53.935
  40.533
  48.418
  58.962
  50.208
  53.269
  54.015
  56.147
  51.540
  58.240
  43.768
  53.089
  50.121
  46.605
  48.939
  50.939
  62.935
  54.501
  49.036
  51.386
  54.249
  63.719
  33.003
  41.580
  40.754
  39.344
  48.664
  56.004
  50.764
  53.894
  56.027
  48.470
  54.327
  54.277
  40.591
  41.514
  51.706
  45.009
  46.502
  41.750
  44.492
  51.605
  42.288
  37.269
  49.103
  51.503
  59.276
  43.240
  36.112
  36.382
  61.379
  49.097
  51.080
  48.480
  50.435
  46.115
  59.317
  50.430
  57.391
  55.678
  49.470
  50.450
  57.366
  73.963
  48.209
  44.146
  47.186
  43.208
  43.486
  52.583
  40.901
  62.128
  63.718
  51.099
  48.204
  41.264
  53.134
  57.873
  63.144
  53.222
  46.862
  49.352
  40.255
  44.773
  61.884
  62.457
  47.500
  49.734
  48.581
  51.919
  48.835
  43.929
  48.413
  57.099
  48.583
  57.037
  58.257
  38.502
  48.025
  35.873
  53.975
  53.232
  74.590
  56.642
  34.785
  48.758
  49.922
  64.970
  45.595
  61.254
  50.994
  47.593
  61.735
  41.082
  50.810
  59.161
  53.058
  53.168
  47.025
  45.268
  49.378
  46.319
  45.991
  52.882
  38.896
  36.514
  41.632
  54.407
  60.725
  58.993
  55.243
  61.256
  55.493
  52.124
  54.525
  53.175
  64.189
  53.225
  55.601
  56.713
  43.295
  63.658
  44.055
  48.565
  53.512
  43.073
  66.381
  41.994
  39.611
  43.623
  51.251
  65.620
  51.763
  37.273
  41.728
  46.087
  42.685
  63.531
  41.845
  46.089
  53.495
  60.819
  48.198
  41.641
  37.387
  28.864
  46.240
  55.540
  57.124
  57.468
  41.426
  28.876
  42.125
  54.751
  43.224
  53.883
  62.067
  39.950
  57.701
  57.181
  63.762
  54.823
  58.645
  61.847
  49.439
  51.796
  61.860
  47.140
  53.797
  48.422
  52.045
  44.725
  37.492
  47.485
  41.388
  47.899
  48.487
  58.422
  38.961
  53.932
  57.665
  60.603
  66.129
  47.757
  51.192
  41.111
  53.665
  45.775
  48.118
  52.739
  38.755
  47.139
  51.273
  58.800
  52.147
  31.520
  30.266
  54.227
  49.361
  71.322
  42.543
  56.093
  53.128
  39.512
  48.845
  51.586
  53.022
  48.629
  55.240
  41.245
  52.671
  55.356
  48.266
  56.886
  60.282
  62.010
  37.267
  28.092
  53.116
  57.871
  67.061
  37.308
  49.863
  51.878
  54.471
  54.817
  37.687
  57.671
  64.720
  55.634
  55.837
  40.879
  61.439
  50.292
  38.670
  46.226
  50.986
  54.871
  47.322
  49.868
  51.027
  51.347
  56.678
  49.116
  44.272
  46.735
  33.139
  47.802
  59.392
  57.407
  60.782
  31.506
  47.098
  51.252
  46.840
  55.198
  37.374
  46.598
  42.263
  59.734
  43.732
  49.552
  42.528
  64.063
  73.154
  67.118
  52.707
  33.569
  60.833
  44.696
  53.389
  50.725
  41.588
  43.258
  47.706
  43.021
  39.680
  61.584
  52.472
  48.100
  48.817
  61.095
  45.695
  41.722
  46.665
  46.814
  61.392
  58.465
  53.278
  33.865
  44.361
  49.090
  40.970
  40.357
  40.498
  50.998
  50.701
  44.410
  54.044
  54.055
  41.113
  39.335
  39.303
  49.021
  53.963
  55.919
  40.680
  50.209
  50.964
  42.534
  46.565
  39.206
  41.281
  32.382
  64.557
  62.693
  41.300
  48.276
  52.082
  39.518
  41.569
  50.781
  41.116
  49.501
  40.847
  60.592
  53.572
  50.200
  51.145
  35.687
  40.996
  26.769
  53.042
  54.850
  52.465
  50.635
  58.600
  57.570
  64.577
  56.915
  45.298
  49.156
  46.854
  42.829
  64.061
  57.797
  53.864
  57.337
  56.156
  53.495
  47.859
  50.610
  45.682
  55.411
  50.566
  47.328
  51.148
  57.845
  50.795
  61.277
  53.438
  65.039
  46.509
  48.125
  44.760
  45.149
  40.503
  33.094
  41.132
  32.438
  54.826
  56.878
  50.944
  52.129
  47.545
  50.604
  52.800
  50.896
  68.915
  49.940
  43.261
  32.146
  37.081
  58.006
  36.943
  47.259
  57.571
  54.024
  42.895
  40.545
  43.367
  29.545
  45.947
  40.821
  45.236
  44.358
  55.198
  61.759
  42.563
  36.059
  33.306
  27.913
  37.292
  61.537
  44.873
  46.537
  52.897
  49.797
  51.097
  48.982
  47.346
  44.850
  41.462
  60.332
  54.299
  45.733
  46.871
  42.518
  47.701
  59.770
  54.630
  41.035
  38.481
  47.927
  63.326
  57.884
  54.101
  42.865
  61.393
  61.250
  58.950
  54.712
  50.760
  43.310
  50.170
  52.418
  54.978
  46.671
  61.509
  40.900
  45.931
  68.959
  52.838
  71.726
  62.961
  35.489
  39.208
  45.415
  39.081
  46.618
  46.255
  43.993
  50.129
  40.368
  38.525
  56.286
  40.720
  68.225
  55.275
  48.819
  47.840
  49.749
  36.821
  28.667
  51.781
  42.943
  44.707
  52.339
  46.934
  48.353
  35.760
  47.622
  46.084
  52.775
  47.944
  44.521
  54.642
  46.891
  51.105
  45.131
  48.389
  42.458
  64.738
  50.376
  49.042
  45.376
  57.229
  47.656
  39.473
  43.219
  51.346
  46.500
  38.483
  48.353
  54.653
  59.168
  58.842
  50.372
  39.394
  56.303
  35.415
  60.126
  44.531
  58.787
  53.498
  36.658
  53.873
  44.787
  56.126
  46.870
  35.891
  43.638
  50.804
  42.643
  45.105
  36.548
  45.780
  57.708
  59.007
  45.143
  51.703
  39.841
  48.186
  49.706
  46.445
  59.841
  45.856
  57.474
  45.304
  48.015
  45.314
  49.307
  48.833
  48.492
  55.992
  60.316
  60.313
  65.170
  45.101
  35.535
  35.892
  48.414
  52.916
  43.304
  54.782
  46.391
  61.503
  58.815
  55.663
  38.836
  48.154
  57.433
  35.903
  37.156
  63.987
  54.180
  57.146
  56.749
  50.696
  44.257
  51.391
  50.873
  49.716
  51.811
  43.205
  52.448
  36.067
  58.930
  65.206
  51.503
  58.423
  43.647
  44.089
  57.672
  45.279
  51.432
  57.084
  58.662
  49.756
  42.642
  47.963
  38.292
  60.056
  49.689
  57.252
  48.935
  40.175
  54.334
  54.934
  57.337
  60.681
  52.741
  54.168
  39.917
  39.934
  44.984
  48.501
  51.915
  52.660
  55.832
  45.575
  53.646
  53.052
  57.930
  57.292
  51.070
  33.850
  52.334
  54.881
  46.533
  43.800
  50.027
  58.960
  50.857
  39.737
  31.604
  39.858
  53.346
  46.054
  35.612
  47.243
  40.183
  57.665
  48.907
  41.073
  63.967
  54.402
  66.642
  55.035
  52.511
  59.322
  55.207
  40.960
  48.768
  61.220
  61.227
  48.003
  48.460
  52.043
  54.800
  47.967
  45.874
  31.697
  43.206
  45.459
  51.471
  58.774
  38.857
  51.451
  56.859
  46.776
  57.426
  39.658
  35.369
  53.678
  33.832
  62.631
  52.410
  58.547
  52.703
  59.438
  45.248
  53.785
  60.994
  45.092
  53.480
  40.909
  57.068
  56.527
  48.498
  37.042
  38.491
  42.083
  49.944
  44.135
  42.730
  37.396
  44.528
  43.028
  37.354
  39.415
  53.136
  63.741
  55.870
  46.923
  49.384
  57.454
  35.467
  56.679
  42.614
  46.910
  54.075
  43.858
  53.624
  51.856
  56.796
  51.508
  42.745
  44.277
  55.505
  47.550
  40.717
  51.354
  33.460
  57.730
  54.739
  40.314
  48.072
  55.163
  35.739
  48.006
  47.633
  53.713
  66.436
  52.638
  56.323
  35.290
  53.559
  47.297
  38.498
  55.085
  64.961
  49.429
  44.381
  52.557
  49.676
  47.074
  61.953
  37.969
  47.803
  53.624
  52.491
  50.566
  43.412
  39.668
  38.550
  62.218
  57.351
  45.010
  41.473
  43.937
  56.262
  43.266
  44.246
  45.507
  44.334
  61.363
  54.334
  44.434
  45.938
  54.153
  44.469
  42.330
  59.199
  51.957
  45.428
  44.319
  44.826
  49.227
  57.171
  64.497
  42.940
  46.796
  57.346
  55.148
  47.504
  45.469
  63.285
  32.696
  54.672
  52.119
  50.257
  51.354
  43.800
  51.320
  48.837
  59.251
  40.395
  44.106
  56.265
  56.962
  47.120
  50.881
  55.095
  54.735
  52.812
  51.666
  54.631
  62.361
  40.508
  32.597
  37.988
  34.666
  67.760
  66.142
  50.431
  58.521
  42.908
  44.920
  33.382
  37.193
  45.286
  44.123
  40.474
  30.811
  42.417
  50.763
  44.819
  41.190
  46.013
  42.553
  33.680
  36.441
  45.211
  54.822
  47.594
  50.591
  35.877
  53.018
  64.554
  43.123
  56.594
  42.464
  51.882
  58.490
  47.807
  34.849
  59.218
  51.398
  50.029
  48.751
  33.128
  60.407
  61.180
  55.021
  43.964
  33.221
  44.541
  48.631
  51.842
  44.780
  43.277
  43.493
  54.755
  60.968
  50.041
  60.260
  54.649
  43.341
  58.757
  41.060
  44.386
  59.103
  57.337
  45.853
  45.614
  44.369
  55.225
  36.920
  43.149
  46.307
  43.398
  51.272
  49.423
  55.512
  55.054
  68.530
  68.626
  50.438
  35.680
  45.296
  44.511
  52.242
  52.853
  55.202
  46.976
  46.229
  55.665
  53.448
  42.696
  49.735
  52.122
  64.530
  53.239
  42.187
  48.666
  45.715
  57.182
  55.665
  49.022
  59.203
  59.153
  68.722
  45.530
  40.205
  43.110
  48.567
  58.586
  66.190
  65.240
  51.714
  47.984
  41.608
  51.642
  48.416
  46.427
  53.143
  61.235
  35.912
  40.780
  47.361
  61.008
  64.353
  41.980
  40.594
  42.411
  64.680
  45.969
  39.135
  42.882
  57.260
  64.348
  51.235
  50.603
  54.581
  54.910
  42.756
  48.048
  48.239
  56.725
  57.769
  42.549
  48.590
  49.174
  60.361
  44.570
  47.484
  50.648
  62.402
  68.857
  42.769
  47.451
  45.152
  43.938
  39.610
  39.157
  63.210
  56.637
  52.113
  47.959
  45.684
  62.396
  51.403
  50.550
  51.003
  60.487
  54.159
  43.417
  38.183
  35.501
  55.534
  57.608
  47.783
  36.624
  63.204
  71.939
  63.182
  48.208
  46.169
  63.604
  45.476
  48.560
  37.656
  53.028
  47.833
  56.162
  38.290
  51.282
  62.076
  41.754
  58.367
  48.184
  57.632
  50.851
  55.418
  49.349
  50.397
  48.838
  42.308
  46.509
  45.502
  41.346
  53.180
  53.272
  58.762
  50.991
  55.849
  49.395
  54.270
  60.470
  68.971
  54.423
  55.133
  43.158
  26.876
  41.608
  55.353
  55.956
  61.120
  55.437
  51.476
  65.525
  52.336
  39.995
  35.323
  38.712
  47.988
  57.566
  37.057
  34.300
  37.478
  53.865
  51.090
  68.557
  41.706
  49.002
  52.457
  52.450
  55.867
  55.596
  64.453
  67.736
  55.080
  48.128
  48.369
  51.610
  38.207
  28.823
  51.769
  46.580
  67.341
  39.844
  41.065
  50.751
  51.010
  36.023
  43.542
  48.604
  35.718
  59.582
  34.272
  51.603
  63.072
  39.882
  32.775
  42.563
  56.318
  45.140
  49.658
  34.240
  58.302
  52.277
  65.813
  52.880
  45.459
  52.339
  34.259
  42.606
  49.866
  56.339
  40.355
  46.372
  58.873
  65.980
  45.772
  30.997
  31.220
  44.519
  46.454
  62.118
  44.154
  58.599
  45.501
  37.567
  51.943
  54.758
  60.776
  51.418
  34.972
  37.072
  54.418
  59.115
  62.264
  57.819
  55.329
  59.120
  46.688
  55.931
  42.259
  55.153
  47.372
  61.095
  66.296
  49.163
  57.810
  50.246
  53.275
  55.423
  37.740
  39.831
  54.271
  51.942
  46.110
  48.669
  53.429
  40.011
  48.271
  49.292
  52.170
  51.567
  49.809
  49.981
  44.712
  69.682
  63.831
  35.151
  41.890
  48.273
  42.516
  50.618
  48.340
  45.088
  46.128
  43.234
  44.537
  36.302
  45.030
  35.674
  47.711
  51.187
  41.561
  59.690
  59.929
  55.240
  54.175
  52.660
  47.346
  39.255
  62.553
  43.380
  61.569
  53.129
  53.487
  51.788
  41.398
  55.057
  46.162
  47.068
  39.646
  57.195
  56.098
  68.215
  61.686
  36.164
  41.189
  53.324
  48.649
  50.116
  51.878
  49.775
  45.554
  57.261
  37.588
  41.139
  59.588
  36.075
  56.981
  55.111
  41.388
  46.695
  36.047
  48.261
  45.227
  40.882
  42.281
  48.041
  55.600
  48.742
  67.472
  45.009
  52.077
  43.634
  43.136
  58.327
  66.401
  55.007
  45.830
  43.731
  52.453
  48.936
  53.031
  39.192
  48.130
  64.012
  48.359
  38.593
  58.305
  52.326
  53.937
  43.152
  46.218
  64.573
  55.302
  37.079
  44.583
  40.095
  48.838
  42.794
  35.272
  50.603
  60.917
  54.092
  39.592
  54.552
  44.453
  50.776
  42.818
  41.978
  43.492
  72.411
  40.633
  48.656
  53.896
  50.635
  54.157
  30.493
  40.914
  48.824
  56.828
  54.507
  36.120
  58.462
  60.518
  65.164
  48.011
  38.560
  44.446
  37.011
  54.717
  57.730
  49.566
  35.664
  42.041
  53.275
  41.406
  47.143
  62.465
  51.558
  51.756
  51.410
  56.901
  37.355
  53.498
  50.513
  42.468
  54.835
  50.515
  51.478
  63.841
  58.775
  51.541
  43.813
  40.489
  33.877
  57.329
  49.601
  55.468
  58.293
  52.312
  57.839
  41.750
  44.055
  53.084
  44.993
  52.259
  43.287
  33.150
  43.791
  52.044
  71.997
  45.694
  38.971
  48.913
  55.589
  41.898
  65.991
  43.594
  47.110
  40.108
  52.735
  45.771
  59.433
  57.783
  50.867
  59.498
  41.558
  53.797
  46.900
  59.457
  53.799
  71.886
  53.417
  41.052
  45.512
  53.326
  63.071
  57.010
  61.050
  56.103
  43.569
  62.102
  66.875
  49.967
  51.265
  39.098
  38.451
  69.332
  63.583
  42.494
  50.757
  44.304
  64.899
  71.674
  41.604
  38.147
  45.981
  58.319
  67.035
  57.498
  44.173
  37.367
  50.232
  41.191
  60.006
  44.341
  57.078
  56.223
  54.309
  57.959
  37.926
  46.840
  45.965
  45.593
  40.974
  60.423
  57.172
  56.841
  37.178
  43.869
  48.512
  53.133
  36.907
  43.258
  46.743
  65.820
  40.939
  28.253
  51.524
  54.278
  50.694
  36.333
  44.097
  50.136
  73.325
  66.604
  56.224
  41.843
  46.715
  51.009
  58.775
  46.218
  69.562
  58.737
  35.885
  56.454
  59.072
  43.369
  53.970
  53.652
  45.908
  47.081
  43.746
  39.261
  56.190
  52.678
  54.769
  40.109
  47.509
  47.253
  47.161
  48.178
  47.735
  40.622
  36.992
  44.235
  54.281
  47.890
  45.313
  61.850
  48.151
  55.440
  42.291
  40.556
  43.529
  53.413
  44.912
  45.507
  50.391
  54.931
  55.436
  38.472
  35.967
  49.353
  47.715
  57.901
  34.143
  48.897
  50.320
  56.644
  46.807
  51.166
  50.020
  38.609
  40.564
  33.108
  54.524
  62.518
  65.696
  53.594
  53.353
  37.226
  59.313
  62.182
  60.405
  60.727
  49.078
  64.858
  49.914
  51.961
  46.795
  49.244
  64.056
  55.615
  46.288
  55.502
  41.604
  45.397
  44.216
  39.685
  49.816
  49.767
  46.368
  45.360
  54.745
  56.878
  63.055
  51.414
  37.447
  36.106
  42.274
  54.294
  45.338
  68.278
  69.546
  46.907
  55.533
  46.494
  54.786
  59.648
  52.721
  51.953
  45.142
  34.819
  61.874
  66.974
  61.681
  52.991
  49.546
  33.045
  41.258
  45.926
  43.388
  39.142
  51.764
  59.798
  61.005
  60.166
  50.559
  56.546
  27.596
  47.177
  55.106
  56.241
  46.039
  25.514
  31.700
  37.464
  45.993
  56.760
  42.735
  56.301
  68.688
  38.168
  45.166
  41.581
  36.588
  45.688
  49.122
  39.623
  44.165
  50.220
  54.837
  54.099
  53.002
  56.347
  48.693
  43.335
  39.905
  43.540
  54.315
  61.626
  63.210
  71.457
  61.464
  50.951
  38.865
  51.849
  37.935
  46.149
  57.755
  59.328
  55.386
  34.681
  55.810
  46.335
  51.340
  41.600
  47.899
  45.099
  57.338
  52.709
  42.291
  48.627
  63.000
  63.191
  30.202
  54.096
  44.710
  45.292
  42.001
  47.718
  39.013
  51.627
  49.193
  41.425
  43.210
  45.206
  47.746
  49.369
  49.897
  51.741
  59.162
  33.895
  50.309
  51.551
  45.115
  47.120
  36.158
  54.641
  63.969
  41.658
  42.404
  55.746
  55.117
  57.686
  61.178
  41.220
  58.026
  60.117
  39.015
  45.366
  67.834
  60.399
  42.777
  39.281
  42.284
  70.601
  73.533
  48.522
  43.084
  53.745
  69.171
  52.942
  57.540
  45.858
  51.690
  48.622
  44.733
  56.026
  39.477
  53.840
  49.167
  36.359
  48.455
  48.314
  48.540
  33.360
  56.158
  42.737
  38.116
  50.078
  29.649
  73.487
  48.867
  54.492
  48.952
  40.745
  43.860
  43.073
  53.225
  54.771
  51.181
  51.248
  37.056
  49.759
  49.111
  44.483
  59.832
  57.338
  53.872
  54.356
  49.095
  35.343
  34.254
  43.998
  44.379
  45.660
  52.313
  46.611
  50.846
  44.435
  46.740
  61.343
  47.413
  41.375
  54.492
  41.377
  58.890
  47.803
  47.018
  32.378
  32.247
  45.344
  36.510
  39.986
  37.757
  32.637
  38.716
  46.652
  54.843
  51.143
  46.400
  56.394
  53.684
  50.271
  46.612
  46.967
  50.100
  52.372
  43.622
  49.117
  50.955
  70.004
  58.579
  44.347
  40.458
  59.240
  54.975
  45.907
  37.174
  59.167
  49.731
  46.105
  39.723
  47.396
  53.188
  48.854
  55.365
  46.669
  65.019
  39.624
  60.346
  38.502
  55.322
  66.982
  46.086
  46.086
  46.910
  50.998
  51.467
  61.387
  43.269
  38.097
  44.478
  36.103
  51.417
  50.220
  59.665
  54.140
  33.203
  52.302
  42.013
  45.753
  33.818
  38.142
  47.374
  46.625
  54.130
  46.381
  55.442
  43.649
  47.394
  45.073
  53.348
  32.974
  53.931
  49.553
  31.835
  48.139
  59.111
  52.478
  48.617
  45.986
  38.974
  52.775
  44.558
  48.681
  50.203
  48.057
  41.932
  39.448
  33.338
  47.447
  45.954
  39.986
  39.487
  36.866
  61.359
  52.476
  48.028
  63.215
  48.367
  50.180
  49.181
  60.496
  49.252
  59.162
  53.408
  32.840
  52.320
  55.484
  57.849
  57.173
  48.195
  53.178
  39.898
  45.307
  48.623
  52.417
  59.512
  45.796
  41.107
  50.598
  56.989
  61.729
  49.472
  48.422
  47.879
  51.073
  66.954
  56.180
  62.848
  54.185
  50.968
  51.657
  60.505
  52.034
  51.293
  51.178
  39.910
  32.742
  42.967
  55.479
  43.728
  43.832
  51.035
  56.402
  48.581
  43.435
  44.878
  31.093
  45.769
  56.262
  50.468
  54.941
  41.645
  42.766
  50.801
  47.448
  59.793
  49.450
  54.797
  43.644
  61.042
  42.296
  43.630
  52.514
  46.915
  65.164
  42.042
  50.645
  48.096
  56.086
  41.148
  66.645
  55.147
  47.304
  51.529
  46.249
  49.218
  68.928
  44.237
  45.826
  51.286
  37.768
  42.256
  37.166
  58.216
  44.765
  51.603
  47.083
  52.608
  54.197
  57.478
  38.128
  38.693
  36.898
  48.405
  43.950
  38.937
  49.070
  57.121
  54.683
  45.475
  51.231
  47.852
  54.870
  39.444
  40.743
  45.399
  48.083
  59.071
  60.697
  49.632
  51.619
  54.312
  47.923
  47.631
  30.771
  43.727
  49.903
  34.008
  47.886
  33.001
  40.161
  58.196
  63.586
  49.926
  40.408
  42.343
  42.857
  38.878
  54.624
  34.027
  43.063
  61.911
  62.014
  37.962
  52.606
  60.808
  44.519
  51.323
  33.546
  42.395
  49.901
  55.500
  52.071
  44.334
  59.136
  54.437
  41.505
  50.804
  38.812
  36.246
  40.133
  44.156
  64.224
  58.112
  50.719
  47.605
  45.763
  45.622
  40.986
  34.567
  28.047
  42.034
  34.188
  35.391
  51.481
  42.074
  54.951
  46.547
  46.475
  59.810
  53.215
  49.513
  46.626
  55.569
  37.977
  58.060
  51.851
  46.539
  39.819
  36.179
  33.798
  47.982
  53.097
  49.051
  56.092
  47.980
  44.100
  44.220
  33.289
  46.463
  71.192
  66.706
  51.968
  63.005
  54.037
  45.020
  56.986
  64.111
  63.825
  49.048
  28.855
  45.810
  59.402
  65.779
  51.614
  49.498
  50.165
  50.865
  58.043
  59.945
  61.691
  69.630
  54.954
  44.466
  52.492
  50.941
  51.148
  41.713
  56.331
  33.458
  49.742
  58.451
  39.525
  39.506
  35.311
  40.218
  42.945
  48.528
  52.942
  44.080
  38.797
  50.806
  72.175
  50.399
  51.463
  54.709
  51.905
  57.243
  50.029
  48.822
  60.273
  60.231
  48.521
  54.214
  56.008
  44.988
  48.290
  44.718
  41.393
  53.758
  54.332
  30.068
  39.613
  35.147
  53.078
  59.105
  52.356
  42.790
  50.232
  44.127
  46.889
  53.118
  57.537
  53.852
  46.351
  61.756
  50.672
  69.746
  58.862
  62.119
  51.617
  47.576
  49.592
  36.945
  59.415
  43.477
  37.482
  49.171
  45.703
  65.673
  47.910
  38.174
  47.227
  47.021
  59.763
  45.680
  28.500
  45.695
  58.919
  42.657
  49.948
  41.540
  43.281
  61.497
  48.877
  36.177
  44.437
  49.182
  57.648
  48.034
  52.909
  39.535
  40.690
  47.560
  41.626
  51.535
  69.586
  65.179
  58.135
  52.692
  31.486
  41.054
  44.696
  37.448
  43.091
  54.398
  51.518
  57.820
  48.915
  46.488
  52.158
  60.141
  54.161
  59.151
  60.677
  56.209
  49.351
  40.404
  48.401
  51.222
  51.378
  50.762
  45.132
  51.421
  57.783
  55.327
  43.994
  51.485
  45.687
  48.854
  42.682
  57.956
  51.510
  57.488
  57.034
  60.081
  52.736
  54.475
  46.755
  60.724
  58.155
  56.868
  65.673
  56.408
  72.820
  56.876
  53.607
  36.090
  45.386
  50.789
  61.602
  55.903
  58.113
  44.223
  46.349
  56.559
  57.890
  63.830
  45.661
  53.748
  51.367
  55.486
  48.334
  35.717
  51.624
  69.690
  63.844
  50.817
  47.165
  57.620
  58.607
  36.200
  36.690
  45.208
  65.406
  71.101
  59.351
  46.914
  56.227
  55.071
  49.541
  50.134
  36.829
  65.784
  37.511
  49.367
  43.757
  44.561
  62.986
  42.998
  37.121
  32.529
  51.590
  55.641
  49.921
  52.429
  54.339
  48.838
  60.184
  67.718
  51.848
  48.490
  43.507
  66.045
  49.414
  42.232
  41.296
  35.497
  59.102
  46.825
  72.879
  44.871
  60.940
  49.922
  46.769
  35.059
  49.043
  59.878
  54.770
  62.425
  51.287
  65.891
  52.597
  51.019
  41.799
  53.478
  58.796
  60.836
  49.735
  49.346
  43.864
  46.429
  64.875
  47.030
  40.871
  60.138
  47.904
  47.675
  49.599
  48.680
  55.728
  45.175
  35.820
  36.235
  52.558
  62.802
  62.944
  44.512
  58.702
  56.271
  50.894
  46.213
  51.093
  66.665
  47.365
  51.749
  37.008
  48.001
  61.848
  47.823
  36.831
  46.753
  52.040
  51.200
  48.672
  42.306
  60.449
  53.086
  49.068
  40.500
  49.233
  45.995
  29.738
  37.720
  30.592
  42.127
  33.702
  27.127
  55.019
  62.219
  61.655
  50.137
  38.768
  41.320
  43.934
  37.409
  59.075
  53.337
  51.856
  65.536
  49.803
  67.641
  54.201
  42.377
  48.493
  52.887
  66.859
  57.775
  43.027
  49.341
  53.042
  47.627
  43.636
  58.746
  46.172
  53.374
  54.184
  51.825
  53.944
  53.732
  41.849
  58.128
  62.909
  49.813
  56.018
  35.763
  48.419
  45.315
  48.179
  47.346
  48.012
  49.920
  57.990
  50.336
  54.307
  61.083
  54.249
  53.351
  54.245
  39.282
  55.576
  55.069
  59.698
  56.355
  57.681
  55.034
  54.070
  54.176
  53.363
  38.863
  45.957
  73.201
  49.895
  56.882
  58.332
  53.314
  52.353
  43.769
  31.481
  50.954
  57.898
  60.728
  41.072
  44.845
  58.758
  52.900
  54.539
  52.528
  48.391
  43.010
  64.834
  57.381
  46.520
  42.659
  51.617
  54.283
  43.452
  50.568
  48.606
  65.491
  57.491
  49.560
  49.982
  39.553
  37.283
  54.160
  50.791
  41.760
  44.607
  43.639
  37.658
  48.429
  47.657
  58.565
  54.295
  54.751
  56.903
  43.634
  36.504
  64.691
  75.869
  35.215
  46.821
  56.192
  50.583
  57.676
  48.298
  39.227
  45.968
  69.132
  65.469
  47.302
  51.268
  40.237
  42.485
  60.646
  51.750
  43.327
  52.968
  44.332
  50.247
  58.027
  38.543
  42.555
  52.916
  47.125
  66.827
  32.358
  63.366
  57.419
  53.446
  49.275
  51.846
  54.824
  38.993
  42.693
  43.570
  62.735
  40.856
  65.300
  46.687
  41.077
  51.989
  55.192
  57.124
  64.470
  40.810
  39.589
  44.186
  57.296
  48.153
  43.652
  40.316
  55.057
  50.146
  56.744
  52.893
  46.636
  76.697
  54.356
  51.609
  58.782
  56.678
  56.922
  61.466
  44.725
  59.209
  42.795
  34.301
  32.811
  39.617
  47.849
  54.452
  51.091
  63.652
  40.090
  48.272
  34.773
  56.373
  53.500
  57.647
  49.181
  40.608
  54.515
  45.027
  54.558
  40.685
  50.913
  42.527
  43.791
  48.633
  51.005
  52.476
  67.458
  48.657
  29.248
  30.429
  37.839
  46.870
  55.666
  52.616
  48.795
  52.275
  58.724
  58.841
  37.694
  60.764
  55.398
  55.259
  51.792
  39.134
  54.810
  50.079
  67.749
  63.935
  63.100
  48.381
  57.407
  46.614
  44.929
  41.907
  53.033
  58.109
  55.979
  49.427
  61.059
  70.004
  42.673
  55.132
  51.387
  46.486
  71.170
  72.727
  63.423
  48.939
  43.922
  57.464
  43.717
  66.307
  67.143
  56.143
  44.858
  52.920
  68.287
  58.465
  50.826
  50.290
  39.570
  39.918
  44.893
  40.147
  50.208
  42.870
  47.797
  53.469
  54.952
  55.861
  62.105
  59.208
  64.784
  60.581
  59.387
  55.143
  46.186
  61.849
  57.124
  29.897
  53.854
  40.864
  59.957
  58.469
  45.605
  51.175
  44.259
  54.796
  55.626
  46.601
  53.781
  44.795
  50.121
  53.447
  40.873
  43.924
  42.753
  35.413
  55.657
  65.980
  32.153
  57.385
  51.426
  49.271
  51.962
  57.504
  43.220
  42.935
  54.131
  62.604
  50.834
  44.338
  47.894
  48.197
  39.223
  43.746
  52.783
  29.566
  37.177
  50.235
  53.039
  66.513
  61.054
  43.058
  46.149
  45.507
  42.217
  56.765
  42.898
  33.337
  51.262
  52.541
  43.297
  52.163
  59.654
  49.872
  59.639
  50.886
  53.155
  55.280
  60.648
  54.361
  48.259
  46.071
  42.215
  61.971
  58.314
  60.883
  36.061
  42.411
  52.685
  47.433
  63.044
  48.045
  42.156
  53.680
  47.496
  67.959
  60.706
  45.793
  55.859
  49.978
  52.096
  46.618
  56.051
  56.322
  48.907
  49.788
  49.697
  55.235
  61.338
  57.038
  53.156
  65.741
  58.220
  53.566
  37.926
  32.882
  63.137
  61.320
  50.884
  42.154
  47.928
  57.050
  45.603
  47.589
  46.833
  52.618
  67.494
  39.141
  44.099
  39.047
  49.067
  49.996
  40.826
  52.352
  43.646
  48.728
  48.600
  38.513
  57.052
  48.484
  50.153
  53.517
  53.732
  69.849
  38.361
  52.677
  40.356
  36.981
  51.381
  51.423
  44.091
  46.184
  49.240
  53.366
  51.211
  48.208
  51.028
  39.253
  53.673
  49.111
  49.250
  56.869
  33.484
  50.079
  50.169
  48.195
  48.761
  38.269
  42.695
  35.249
  43.918
  46.096
  56.380
  53.177
  45.474
  39.533
  34.345
  48.434
  55.967
  44.377
  58.298
  31.774
  39.660
  58.176
  41.963
  54.058
  54.245
  58.749
  42.604
  58.687
  46.607
  55.246
  52.124
  61.053
  54.560
  52.248
  47.834
  34.335
  56.732
  58.788
  45.258
  50.760
  53.832
  57.804
  65.591
  50.531
  51.577
  45.556
  64.771
  63.948
  53.634
  36.539
  56.580
  49.671
  50.838
  47.111
  34.126
  38.352
  43.998
  43.239
  48.600
  52.097
  48.119
  43.585
  52.207
  44.458
  38.894
  63.713
  43.801
  44.897
  44.818
  49.768
  50.003
  74.216
  47.034
  37.211
  45.567
  48.337
  71.992
  69.956
  55.076
  48.872
  51.805
  35.354
  45.181
  39.354
  64.130
  52.276
  64.922
  43.046
  46.473
  62.025
  48.233
  55.804
  40.260
  56.919
  56.839
  54.772
  50.711
  50.276
  51.243
  54.480
  48.124
  50.346
  45.147
  61.401
  61.587
  40.775
  45.692
  47.533
  52.736
  53.873
  50.770
  46.215
  48.349
  43.394
  50.398
  58.924
  36.660
  55.542
  42.397
  36.446
  57.797
  53.661
  33.258
  56.861
  52.483
  54.171
  45.865
  55.245
  53.150
  44.381
  48.712
  38.010
  44.009
  48.369
  57.064
  56.149
  49.412
  46.849
  60.387
  40.567
  53.093
  43.145
  47.914
  54.084
  52.168
  43.937
  59.286
  45.985
  58.444
  48.466
  47.023
  59.569
  48.136
  49.477
  46.389
  47.005
  59.414
  62.547
  55.679
  54.629
  55.936
  51.972
  31.073
  48.261
  46.788
  40.038
  52.540
  44.206
  62.045
  53.326
  43.767
  38.342
  34.043
  65.830
  48.589
  62.090
  50.902
  42.631
  56.299
  35.977
  45.219
  58.540
  52.094
  42.879
  44.700
  61.282
  54.977
  49.176
  47.979
  54.412
  68.361
  63.409
  39.988
  43.429
  51.454
  53.478
  41.747
  40.558
  61.453
  53.422
  55.437
  43.898
  47.873
  37.198
  57.781
  35.050
  42.310
  50.956
  54.377
  61.828
  52.582
  57.487
  32.927
  53.813
  59.510
  70.528
  46.915
  46.611
  37.591
  39.741
  57.190
  42.571
  47.382
  41.533
  51.344
  46.047
  46.113
  52.197
  42.545
  55.144
  39.746
  48.061
  49.510
  49.465
  47.464
  46.630
  54.879
  52.554
  48.168
  44.524
  38.725
  47.643
  45.224
  39.161
  49.072
  48.235
  45.781
  36.256
  54.198
  38.449
  39.063
  59.738
  48.762
  37.212
  60.136
  53.594
  37.425
  59.423
  42.449
  39.245
  60.492
  51.199
  51.515
  60.030
  61.230
  65.009
  58.820
  38.725
  48.195
  57.897
  43.368
  63.063
  47.175
  44.704
  70.536
  51.430
  34.285
  53.233
  54.020
  53.572
  52.914
  35.910
  35.652
  43.864
  56.187
  43.669
  56.035
  67.861
  67.024
  53.025
  44.543
  43.982
  41.541
  69.726
  53.492
  70.403
  46.846
  45.439
  52.579
  36.220
  59.838
  51.751
  66.241
  46.736
  65.228
  49.608
  51.933
  67.628
  43.161
  52.990
  46.745
  44.934
  47.056
  41.274
  43.237
  54.742
  51.468
  58.372
  39.426
  26.913
  45.079
  47.054
  40.146
  45.993
  66.671
  57.903
  47.032
  55.210
  47.672
  37.943
  52.540
  48.164
  37.147
  50.801
  47.050
  49.172
  56.647
  59.553
  52.198
  38.538
  53.119
  47.077
  55.664
  49.743
  42.031
  61.617
  49.970
  39.028
  50.604
  46.225
  42.533
  55.097
  42.394
  54.974
  56.089
  42.970
  43.604
  47.432
  37.754
  53.119
  35.887
  41.966
  52.634
  57.303
  48.950
  34.785
  47.434
  46.373
  46.068
  46.757
  53.521
  52.944
  58.275
  52.586
  43.930
  54.774
  64.427
  46.412
  41.305
  42.521
  45.853
  50.486
  44.433
  51.248
  47.704
  46.001
  56.404
  51.296
  47.858
  42.197
  46.392
  47.267
  50.170
  56.125
  47.490
  48.906
  48.999
  52.705
  57.985
  44.327
  41.961
  45.978
  65.758
  50.885
  53.472
  53.884
  32.121
  59.977
  42.061
  47.677
  47.055
  48.878
  43.508
  38.310
  47.753
  45.698
  56.554
  49.173
  43.862
  38.023
  44.278
  40.633
  48.243
  54.540
  44.992
  39.700
  33.225
  35.331
  52.657
  45.934
  57.857
  57.531
  59.352
  45.781
  52.161
  49.777
  49.090
  63.341
  55.024
  39.129
  30.545
  52.423
  64.949
  54.675
  47.689
  55.395
  47.799
  56.140
  54.449
  38.670
  40.993
  49.658
  61.103
  53.994
  58.701
  52.559
  33.427
  36.855
  55.037
  56.830
  43.693
  46.560
  45.157
  47.211
  49.729
  58.748
  55.195
  43.517
  57.924
  42.278
  57.337
  50.394
  40.083
  49.087
  33.976
  49.102
  42.003
  62.003
  45.337
  55.225
  50.029
  55.198
  56.614
  51.878
  53.510
  42.337
  42.832
  48.520
  53.635
  60.256
  61.662
  54.938
  46.850
  40.186
  55.342
  58.264
  49.413
  45.822
  54.055
  57.985
  58.681
  49.637
  47.944
  65.147
  75.312
  43.188
  55.238
  55.924
  65.191
  59.499
  24.722
  43.882
  57.095
  74.583
  57.176
  29.147
  37.444
  50.367
  45.087
  29.914
  42.521
  44.452
  57.389
  59.434
  50.308
  40.411
  56.244
  37.173
  53.058
  47.058
  43.128
  58.923
  44.012
  57.821
  47.024
  49.009
  37.086
  54.602
  58.135
  64.081
  46.282
  41.639
  51.206
  38.168
  55.420
  47.043
  36.145
  44.918
  51.536
  60.151
  51.611
  39.904
  57.170
  50.990
  43.455
  50.309
  49.458
  52.512
  51.070
  36.187
  49.951
  54.395
  54.360
  46.574
  39.998
  42.042
  61.992
  57.636
  35.317
  33.795
  43.203
  45.133
  41.523
  40.550
  43.783
  50.887
  39.984
  48.867
  46.286
  66.735
  50.311
  38.793
  52.079
  45.528
  50.095
  65.065
  56.611
  53.916
  46.331
  53.149
  52.357
  42.650
  56.041
  56.234
  49.366
  54.582
  63.235
  43.753
  34.996
  56.948
  55.646
  51.751
  41.092
  42.341
  60.812
  63.959
  49.843
  65.667
  48.736
  51.423
  66.895
  39.700
  56.716
  54.988
  55.857
  38.603
  29.494
  30.862
  55.317
  47.019
  43.533
  58.868
  47.940
  59.956
  56.779
  45.980
  54.680
  53.487
  38.938
  54.651
  42.053
  47.065
  52.073
  52.212
  51.704
  50.746
  69.397
  61.855
  42.621
  52.028
  36.441
  28.995
  30.521
  37.712
  60.605
  42.710
  59.463
  56.825
  52.674
  54.546
  53.105
  62.499
  45.460
  64.080
  55.610
  56.632
  59.124
  56.667
  45.298
  51.814
  71.770
  53.705
  50.214
  39.363
  61.074
  39.964
  44.960
  55.006
  42.306
  64.621
  62.680
  63.531
  46.222
  48.041
  61.911
  38.882
  44.622
  47.846
  42.598
  58.034
  43.466
  46.250
  46.093
  49.820
  44.097
  56.711
  49.330
  52.212
  60.305
  52.433
  44.279
  32.649
  49.955
  41.764
  58.251
  49.119
  28.791
  45.990
  59.225
  66.092
  40.226
  49.547
  56.899
  60.109
  49.299
  60.212
  59.291
  40.683
  57.856
  45.437
  35.232
  36.707
  57.759
  36.500
  47.237
  45.147
  47.869
  41.149
  57.284
  64.562
  54.750
  54.095
  33.555
  56.638
  50.702
  74.435
  59.502
  39.374
  64.093
  40.196
  44.430
  34.090
  55.752
  50.467
  45.712
  47.754
  30.274
  41.953
  49.257
  55.403
  44.975
  41.489
  53.605
  38.558
  53.056
  61.657
  46.598
  51.322
  54.957
  40.367
  42.133
  48.619
  41.238
  56.018
  47.016
  34.161
  30.207
  43.269
  63.009
  65.716
  55.659
  59.443
  60.009
  52.483
  49.548
  53.828
  51.779
  42.633
  57.144
  38.842
  39.623
  62.082
  42.505
  53.957
  55.241
  48.912
  56.067
  44.815
  49.378
  53.686
  49.324
  34.007
  22.228
  61.823
  46.112
  56.490
  45.906
  24.711
  50.955
  50.451
  40.411
  52.554
  45.458
  56.311
  57.198
  49.495
  61.908
  45.213
  45.562
  42.175
  45.299
  62.272
  62.142
  48.505
  55.476
  57.913
  63.286
  62.026
  44.020
  42.705
  42.999
  41.202
  61.342
  47.857
  55.033
  60.173
  55.543
  52.713
  72.025
  59.623
  42.713
  62.187
  40.127
  53.123
  58.958
  39.824
  48.105
  57.735
  44.483
  47.727
  58.846
  33.554
  39.497
  57.676
  50.950
  69.559
  54.469
  59.199
  66.259
  62.476
  57.482
  46.941
  32.395
  51.073
  49.334
  39.848
  40.872
  54.707
  61.221
  50.072
  51.869
  38.426
  63.867
  55.855
  57.912
  54.652
  55.073
  54.445
  55.500
  45.163
  47.047
  47.041
  36.418
  50.308
  63.354
  40.205
  49.360
  53.326
  38.467
  58.283
  45.433
  50.714
  56.037
  68.567
  73.184
  53.307
  52.993
  44.151
  49.612
  59.023
  64.462
  50.716
  51.564
  62.243
  38.916
  47.773
  62.788
  49.568
  57.730
  59.301
  54.220
  48.786
  49.369
  68.084
  55.477
  61.376
  48.133
  64.233
  48.227
  42.259
  57.329
  40.013
  68.647
  44.686
  49.731
  45.684
  60.222
  58.477
  63.899
  46.182
  50.927
  74.267
  65.651
  61.738
  53.397
  64.313
  56.203
  60.160
  50.470
  43.459
  39.806
  67.978
  55.771
  48.341
  63.803
  64.450
  63.618
  50.220
  42.684
  56.868
  53.664
  51.428
  53.405
  37.806
  50.993
  51.258
  54.228
  48.694
  55.369
  45.997
  51.018
  60.110
  34.008
  45.238
  42.237
  48.324
  46.192
  48.485
  59.674
  48.634
  42.583
  61.481
  32.759
  45.620
  50.539
  53.423
  55.034
  38.673
  52.804
  46.055
  56.056
  50.578
  51.799
  47.742
  46.933
  50.582
  54.925
  49.581
  50.596
  53.807
  50.809
  48.046
  52.901
  50.678
  48.518
  55.887
  51.512
  52.277
  50.129
  63.272
  56.594
  60.933
  66.264
  41.345
  47.664
  57.767
  42.526
  45.369
  42.022
  50.593
  45.491
  59.583
  59.091
  38.658
  66.428
  62.331
  56.016
  42.529
  45.801
  49.862
  39.768
  50.236
  43.693
  39.828
  61.700
  32.338
  40.226
  37.818
  53.411
  57.287
  48.901
  62.678
  48.265
  56.502
  56.710
  56.383
  58.560
  70.470
  59.412
  48.555
  55.648
  52.239
  60.105
  48.719
  42.092
  41.815
  48.908
  38.824
  46.168
  42.469
  35.527
  65.987
  34.796
  52.001
  48.520
  56.994
  57.094
  47.864
  54.520
  46.934
  44.705
  41.843
  43.928
  39.112
  60.726
  44.660
  46.153
  45.066
  48.973
  39.727
  44.768
  45.415
  44.230
  46.335
  47.088
  37.019
  56.381
  53.503
  41.158
  46.235
  62.226
  62.281
  59.641
  66.225
  51.399
  68.335
  52.890
  38.846
  46.146
  51.805
  50.595
  50.761
  57.853
  55.365
  56.515
  48.824
  48.500
  57.558
  52.323
  32.642
  37.162
  46.429
  44.043
  61.012
  44.395
  50.042
  49.024
  39.160
  34.899
  61.404
  64.955
  62.292
  51.251
  42.762
  57.233
  67.233
  63.638
  53.816
  61.401
  44.817
  40.298
  39.092
  61.333
  60.179
  45.425
  52.707
  52.318
  58.993
  58.129
  49.959
  49.272
  62.033
  54.008
  46.406
  45.436
  49.974
  59.385
  59.810
  41.998
  45.730
  53.534
  45.348
  49.692
  40.298
  46.492
  46.209
  49.535
  52.221
  48.352
  59.319
  59.455
  56.510
  53.194
  44.560
  47.588
  55.901
  47.235
  44.958
  48.828
  54.337
  58.299
  47.589
  63.984
  53.982
  60.810
  51.013
  44.806
  56.053
  41.692
  48.049
  39.063
  50.424
  54.107
  59.724
  55.116
  36.802
  54.258
  61.343
  46.596
  53.809
  59.224
  50.944
  44.521
  44.863
  44.291
  63.218
  61.082
  39.236
  27.484
  37.690
  36.169
  55.156
  50.556
  56.108
  56.912
  53.770
  44.744
  47.453
  49.804
  43.987
  67.307
  41.850
  48.647
  50.371
  44.935
  42.149
  55.922
  51.686
  36.726
  43.652
  41.660
  45.611
  52.830
  51.331
  59.486
  62.503
  45.161
  63.781
  39.135
  71.799
  68.028
  45.368
  36.213
  34.736
  49.630
  40.650
  65.904
  38.710
  56.053
  44.675
  41.564
  48.946
  63.315
  52.235
  52.342
  62.996
  34.573
  49.209
  63.735
  58.061
  58.608
  43.954
  41.776
  47.413
  47.415
  49.544
  50.130
  44.308
  57.559
  55.193
  40.621
  34.836
  46.646
  48.536
  62.155
  40.716
  28.976
  59.870
  45.756
  53.352
  40.758
  49.746
  55.569
  41.434
  48.575
  37.931
  53.965
  58.558
  42.238
  51.701
  44.985
  50.567
  48.462
  59.280
  45.282
  45.099
  51.066
  41.765
  38.914
  32.130
  61.312
  46.326
  55.438
  47.179
  47.253
  52.662
  49.102
  63.550
  42.680
  54.574
  50.206
  53.232
  47.959
  43.403
  38.643
  54.412
  46.563
  54.971
  38.234
  43.339
  42.266
  45.360
  56.902
  48.351
  45.112
  39.156
  51.686
  49.081
  63.401
  55.982
  50.857
  59.843
  64.415
  40.512
  34.565
  40.337
  54.872
  69.971
  53.044
  45.564
  45.765
  52.673
  60.206
  48.175
  45.112
  37.474
  38.474
  56.019
  42.342
  36.512
  50.737
  47.011
  46.520
  55.109
  60.220
  58.347
  41.611
  44.807
  53.941
  59.441
  57.449
  51.063
  45.079
  54.866
  44.405
  51.182
  39.087
  42.874
  47.636
  60.216
  47.540
  57.728
  43.665
  35.715
  54.364
  40.080
  61.695
  51.718
  52.608
  50.758
  58.057
  67.478
  50.743
  51.260
  48.921
  58.417
  72.301
  38.762
  56.982
  59.972
  56.264
  50.220
  59.576
  39.061
  55.805
  62.225
  53.342
  42.287
  51.239
  66.522
  57.305
  60.115
  38.030
  54.854
  68.100
  57.187
  57.487
  55.704
  43.407
  43.298
  43.346
  32.490
  55.584
  43.759
  42.154
  32.900
  40.109
  67.135
  57.229
  49.211
  36.624
  46.779
  56.202
  46.473
  52.505
  54.242
  49.997
  44.617
  52.474
  42.741
  41.329
  51.473
  42.612
  46.747
  41.358
  47.128
  61.904
  65.592
  40.404
  58.206
  46.922
  38.389
  57.799
  46.096
  47.779
  52.038
  58.230
  59.928
  36.035
  50.303
  40.535
  45.709
  35.568
  43.879
  44.700
  42.900
  48.489
  57.545
  55.310
  53.154
  52.159
  41.702
  69.112
  55.135
  56.072
  41.141
  51.780
  48.563
  47.966
  44.162
  28.539
  33.967
  36.282
  42.975
  58.444
  60.564
  54.792
  38.966
  38.421
  63.157
  49.906
  50.562
  28.387
  48.156
  49.126
  53.080
  56.721
  50.176
  56.090
  54.459
  40.524
  56.797
  51.737
  42.887
  52.871
  41.702
  52.412
  59.487
  68.768
  49.435
  56.545
  43.837
  43.949
  49.289
  56.649
  57.654
  50.104
  41.051
  57.086
  61.241
  53.045
  53.533
  57.330
  56.728
  63.874
  64.564
  44.275
  37.964
  47.875
  54.175
  56.155
  67.929
  62.606
  64.642
  48.942
  35.016
  50.065
  63.389
  65.772
  63.841
  46.156
  45.864
  30.548
  60.378
  44.643
  53.171
  60.449
  59.681
  58.689
  47.623
  58.923
  49.782
  61.543
  43.474
  55.864
  67.128
  41.007
  57.932
  46.758
  57.180
  62.276
  30.778
  52.331
  45.609
  60.447
  52.756
  47.014
  39.174
  51.336
  47.034
  46.262
  28.737
  37.472
  42.288
  44.118
  54.982
  49.448
  58.779
  37.955
  32.174
  46.958
  54.269
  58.587
  56.840
  33.917
  61.898
  66.438
  53.659
  49.605
  38.729
  42.530
  48.603
  58.037
  51.729
  64.544
  38.180
  49.378
  57.301
  59.007
  53.524
  46.522
  44.566
  38.842
  47.252
  42.981
  53.321
  61.557
  60.048
  54.187
  33.085
  42.838
  42.723
  44.349
  49.140
  40.289
  52.886
  41.178
  38.926
  38.877
  49.565
  53.263
  44.778
  56.451
  62.104
  53.689
  36.599
  29.833
  48.748
  60.863
  60.940
  55.900
  48.142
  53.624
  60.317
  52.059
  52.729
  46.616
  62.034
  40.796
  57.263
  54.019
  67.760
  47.276
  46.754
  55.180
  47.750
  34.430
  41.672
  52.768
  46.537
  62.360
  66.955
  47.699
  45.044
  48.738
  32.022
  47.466
  36.699
  68.816
  46.785
  53.452
  61.760
  59.203
  59.097
  57.290
  44.870
  35.560
  47.696
  50.084
  54.638
  54.113
  57.402
  63.766
  42.926
  43.677
  50.914
  52.092
  36.648
  50.336
  40.757
  43.737
  65.745
  62.959
  40.906
  35.620
  45.990
  45.058
  41.246
  45.218
  48.069
  56.139
  44.003
  45.774
  54.721
  47.087
  51.908
  34.492
  56.092
  61.424
  53.556
  61.234
  56.927
  50.255
  77.331
  65.387
  64.551
  46.194
  51.405
  48.011
  43.350
  57.118
  47.975
  55.648
  58.938
  48.310
  35.494
  43.106
  41.746
  39.344
  59.405
  50.561
  63.864
  57.369
  69.889
  64.352
  29.259
  66.423
  53.169
  56.312
  56.942
  59.750
  62.380
  60.504
  46.897
  51.995
  35.976
  58.122
  59.143
  39.756
  46.420
  34.543
  57.109
  58.126
  46.843
  52.718
  37.823
  54.170
  60.310
  43.288
  68.102
  43.798
  60.053
  62.801
  61.522
  50.313
  49.001
  49.308
  42.689
  43.123
  32.427
  48.197
  54.290
  52.381
  52.894
  35.979
  48.869
  42.987
  44.478
  57.044
  57.157
  52.339
  55.329
  56.473
  43.300
  61.837
  66.133
  48.059
