  -5.412
  -4.789
  -4.673
  -4.069
  -4.755
  -5.331
  -5.563
  -4.910
  -3.428
  -4.985
  -6.550
  -6.209
  -5.907
  -5.940
  -5.049
  -6.025
  -4.505
  -4.978
  -5.221
  -3.930
  -4.933
  -6.204
  -4.937
  -7.239
  -5.081
  -4.663
  -2.480
  -6.736
  -6.497
  -5.663
  -3.721
  -6.112
  -5.381
  -3.278
  -6.865
  -5.693
  -4.398
  -4.507
  -4.859
  -4.577
  -3.542
  -5.292
  -5.757
  -5.234
  -3.723
  -6.316
  -5.719
  -4.777
  -4.734
  -3.470
  -3.552
  -5.923
  -5.263
  -5.648
  -4.680
  -4.908
  -4.660
  -2.291
  -5.222
  -4.282
  -5.627
  -4.627
  -4.664
  -5.220
  -4.653
  -4.285
  -4.480
  -5.354
  -4.366
  -6.313
  -5.196
  -6.290
  -6.093
  -4.816
  -4.895
  -4.583
  -4.066
  -5.988
  -5.024
  -6.198
  -3.506
  -7.188
  -4.962
  -4.558
  -6.438
  -4.893
  -4.204
  -3.827
  -5.707
  -4.931
  -3.717
  -4.280
  -5.795
  -6.021
  -5.374
  -6.129
  -6.632
  -3.968
  -7.525
  -5.566
  -5.722
  -5.004
  -6.246
  -4.346
  -3.831
  -5.031
  -6.519
  -3.919
  -5.609
  -4.894
  -3.699
  -6.140
  -3.853
  -4.031
  -3.272
  -7.088
  -4.158
  -4.302
  -4.753
  -5.948
  -6.318
  -3.136
  -4.414
  -4.599
  -6.144
  -6.487
  -3.884
  -6.969
  -3.764
  -4.279
  -3.617
  -5.664
  -5.979
  -4.533
  -4.716
  -4.342
  -3.227
  -3.947
  -4.391
  -4.291
  -4.053
  -3.836
  -5.124
  -4.729
  -4.283
  -5.514
  -3.909
  -5.084
  -5.423
  -3.591
  -4.646
  -6.554
  -3.939
  -5.815
  -5.384
  -6.315
  -5.438
  -5.923
  -6.002
  -5.971
  -5.846
  -3.686
  -3.335
  -4.495
  -4.363
  -4.067
  -5.368
  -3.809
  -4.450
  -4.245
  -2.945
  -4.964
  -5.734
  -4.316
  -4.730
  -6.023
  -5.342
  -6.437
  -5.012
  -5.057
  -5.462
  -5.727
  -4.505
  -5.306
  -4.035
  -6.294
  -5.760
  -5.270
  -4.186
  -4.158
  -6.116
  -3.540
  -3.911
  -6.346
  -5.618
  -4.009
  -5.250
  -3.549
  -5.787
  -4.283
  -4.753
  -4.708
  -5.235
  -4.423
  -4.492
  -5.216
  -3.326
  -4.609
  -4.784
  -5.378
  -3.093
  -6.461
  -3.568
  -3.723
  -5.234
  -3.689
  -5.020
  -5.258
  -4.411
  -5.498
  -5.986
  -4.621
  -4.111
  -4.455
  -5.879
  -3.769
  -6.062
  -5.307
  -5.812
  -5.638
  -4.810
  -5.339
  -5.698
  -5.424
  -5.611
  -6.108
  -6.503
  -4.847
  -5.024
  -6.541
  -5.899
  -4.889
  -5.059
  -5.492
  -6.468
  -6.057
  -5.456
  -7.728
  -5.020
  -4.627
  -3.777
  -4.169
  -6.010
  -5.332
  -5.572
  -4.345
  -5.595
  -4.479
  -6.617
  -3.417
  -5.576
  -5.321
  -4.999
  -4.910
  -6.957
  -4.672
  -4.906
  -6.131
  -4.287
  -3.763
  -4.874
  -6.800
  -5.269
  -5.529
  -5.614
  -4.843
  -6.156
  -4.542
  -4.513
  -4.761
  -5.370
  -4.667
  -5.400
  -5.325
  -3.830
  -5.127
  -5.063
  -3.903
  -4.143
  -5.716
  -3.874
  -5.521
  -4.583
  -3.483
  -3.162
  -3.396
  -5.119
  -5.391
  -6.859
  -5.637
  -3.953
  -4.425
  -5.134
  -5.200
  -5.932
  -3.358
  -4.125
  -3.833
  -3.775
  -4.105
  -5.974
  -5.145
  -6.403
  -4.684
  -3.347
  -5.766
  -4.967
  -7.017
  -5.164
  -4.968
  -5.466
  -5.556
  -5.595
  -5.251
  -4.838
  -5.338
  -5.772
  -4.200
  -6.957
  -5.524
  -5.434
  -5.007
  -4.094
  -5.077
  -3.911
  -3.163
  -5.407
  -4.947
  -4.626
  -4.089
  -3.428
  -6.144
  -5.419
  -4.560
  -5.303
  -3.360
  -3.937
  -6.492
  -4.326
  -2.978
  -5.252
  -6.178
  -3.810
  -2.993
  -3.940
  -5.103
  -5.352
  -5.093
  -6.427
  -6.603
  -2.612
  -5.338
  -6.045
  -2.875
  -4.483
  -4.056
  -4.326
  -5.232
  -5.248
  -3.990
  -5.372
  -5.377
  -5.188
  -4.212
  -4.183
  -4.199
  -4.141
  -6.387
  -6.077
  -3.106
  -4.809
  -3.776
  -4.365
  -5.071
  -4.290
  -3.319
  -4.724
  -5.646
  -3.974
  -6.114
  -4.679
  -3.880
  -7.121
  -5.257
  -4.613
  -4.905
  -5.291
  -6.326
  -6.455
  -2.942
  -5.394
  -3.951
  -6.793
  -4.156
  -7.142
  -5.140
  -6.157
  -5.042
  -4.292
  -3.258
  -5.026
  -5.543
  -4.217
  -5.965
  -4.306
  -5.165
  -3.754
  -4.953
  -5.665
  -6.322
  -4.130
  -5.529
  -5.772
  -4.700
  -5.205
  -4.876
  -3.637
  -3.086
  -4.095
  -5.922
  -4.491
  -6.067
  -5.481
  -6.115
  -5.341
  -4.643
  -5.014
  -6.363
  -3.031
  -4.814
  -4.979
  -5.893
  -4.242
  -5.770
  -5.730
  -3.688
  -7.017
  -5.862
  -5.086
  -5.223
  -4.118
  -4.568
  -3.532
  -5.548
  -6.804
  -5.514
  -4.276
  -3.809
  -6.331
  -4.069
  -4.525
  -5.819
  -5.211
  -5.701
  -5.071
  -6.587
  -5.826
  -4.616
  -6.401
  -5.514
  -5.386
  -5.662
  -5.752
  -6.192
  -6.624
  -5.535
  -4.264
  -4.437
  -4.590
  -3.642
  -3.750
  -6.171
  -5.795
  -2.456
  -5.141
  -2.627
  -4.544
  -4.597
  -3.976
  -4.133
  -4.578
  -3.294
  -3.529
  -5.383
  -3.372
  -7.244
  -5.007
  -4.519
  -6.651
  -5.141
  -4.303
  -5.298
  -5.886
  -4.427
  -3.325
  -2.802
  -4.888
  -5.644
  -4.893
  -6.380
  -4.109
  -3.639
  -4.925
  -6.187
  -5.053
  -5.168
  -4.201
  -4.336
  -5.174
  -5.513
  -4.653
  -3.366
  -4.165
  -6.154
  -6.321
  -5.341
  -6.699
  -6.434
  -3.778
  -4.654
  -6.301
  -4.533
  -5.074
  -4.745
  -5.773
  -5.944
  -5.001
  -3.408
  -6.288
  -4.682
  -3.218
  -5.256
  -5.387
  -5.291
  -4.975
  -6.754
  -5.062
  -3.766
  -5.491
  -6.352
  -4.524
  -4.929
  -5.725
  -5.800
  -5.228
  -3.717
  -4.696
  -6.447
  -3.384
  -5.035
  -3.349
  -6.695
  -3.519
  -5.482
  -3.389
  -5.740
  -3.757
  -7.561
  -3.792
  -3.483
  -3.634
  -3.725
  -6.706
  -5.915
  -6.679
  -5.132
  -5.592
  -3.512
  -2.804
  -6.520
  -4.851
  -4.543
  -5.784
  -5.778
  -4.125
  -4.311
  -5.258
  -5.757
  -5.366
  -5.302
  -7.351
  -5.952
  -6.890
  -5.010
  -4.016
  -6.645
  -5.668
  -4.935
  -3.995
  -5.482
  -4.913
  -6.660
  -3.828
  -3.412
  -4.782
  -5.494
  -5.903
  -5.920
  -6.479
  -5.228
  -4.245
  -4.369
  -4.689
  -3.575
  -4.374
  -2.563
  -4.376
  -5.079
  -4.130
  -4.331
  -5.787
  -5.836
  -5.836
  -5.682
  -5.492
  -5.661
  -5.711
  -4.945
  -3.868
  -4.505
  -4.454
  -5.806
  -6.238
  -4.890
  -6.401
  -4.403
  -3.886
  -6.078
  -3.830
  -4.741
  -3.807
  -2.992
  -5.688
  -4.479
  -6.563
  -6.144
  -6.602
  -4.067
  -5.536
  -5.169
  -3.434
  -6.151
  -4.736
  -5.051
  -7.333
  -5.082
  -4.053
  -4.956
  -4.424
  -6.102
  -6.038
  -6.091
  -5.135
  -6.073
  -3.665
  -4.879
  -5.900
  -6.076
  -4.076
  -5.186
  -6.244
  -5.219
  -6.052
  -3.263
  -3.755
  -5.152
  -3.759
  -5.489
  -6.275
  -4.375
  -4.879
  -5.602
  -5.493
  -4.204
  -5.370
  -6.135
  -4.818
  -5.242
  -6.254
  -4.001
  -5.211
  -5.241
  -5.151
  -4.072
  -4.508
  -3.930
  -3.249
  -5.192
  -6.767
  -5.567
  -6.773
  -4.602
  -3.829
  -6.464
  -5.879
  -6.230
  -4.889
  -4.810
  -4.980
  -5.522
  -4.693
  -3.335
  -4.019
  -6.266
  -4.828
  -5.534
  -4.546
  -6.563
  -4.937
  -7.000
  -6.020
  -5.428
  -7.042
  -4.603
  -5.557
  -3.142
  -5.794
  -5.628
  -3.767
  -6.566
  -3.776
  -4.196
  -5.634
  -3.560
  -5.572
  -5.041
  -5.250
  -5.155
  -4.351
  -4.528
  -6.215
  -3.921
  -4.304
  -4.198
  -4.164
  -5.237
  -5.835
  -6.538
  -4.328
  -5.700
  -6.069
  -6.224
  -5.625
  -5.262
  -5.704
  -5.074
  -6.109
  -4.765
  -6.774
  -3.621
  -3.441
  -5.817
  -4.289
  -5.296
  -6.750
  -7.266
  -3.810
  -2.862
  -4.480
  -5.739
  -3.609
  -5.651
  -5.021
  -4.560
  -5.116
  -6.542
  -6.905
  -5.551
  -6.818
  -4.877
  -2.746
  -6.521
  -3.162
  -3.121
  -5.666
  -4.920
  -4.626
  -4.801
  -3.386
  -5.108
  -4.826
  -7.323
  -5.922
  -5.185
  -5.409
  -3.859
  -3.073
  -5.363
  -5.653
  -5.524
  -5.894
  -5.423
  -6.649
  -4.264
  -4.942
  -5.155
  -3.713
  -5.087
  -3.552
  -5.617
  -5.881
  -5.607
  -3.720
  -4.784
  -3.143
  -3.661
  -5.671
  -5.391
  -5.936
  -7.197
  -5.551
  -6.393
  -5.703
  -3.441
  -4.275
  -5.171
  -3.587
  -5.614
  -6.224
  -4.259
  -4.904
  -5.422
  -4.919
  -5.490
  -4.095
  -4.411
  -4.464
  -4.598
  -4.798
  -5.426
  -3.573
  -4.683
  -4.095
  -3.026
  -6.147
  -5.193
  -5.119
  -3.789
  -4.773
  -4.627
  -5.878
  -5.245
  -5.227
  -3.739
  -6.679
  -4.838
  -4.508
  -6.994
  -6.486
  -4.957
  -4.784
  -4.974
  -4.152
  -6.748
  -6.192
  -4.811
  -5.290
  -4.739
  -6.724
  -4.747
  -6.236
  -4.449
  -4.380
  -5.330
  -5.591
  -4.897
  -4.547
  -5.332
  -4.273
  -2.970
  -7.097
  -4.788
  -3.516
  -4.708
  -6.545
  -5.736
  -5.590
  -3.792
  -6.406
  -3.567
  -3.472
  -5.445
  -3.055
  -5.073
  -3.801
  -3.393
  -3.702
  -3.747
  -4.989
  -5.250
  -5.128
  -6.828
  -3.481
  -3.998
  -3.966
  -6.476
  -5.347
  -5.817
  -6.008
  -5.630
  -4.739
  -3.706
  -3.857
  -5.700
  -4.912
  -6.898
  -5.055
  -4.942
  -6.003
  -5.342
  -6.500
  -3.890
  -4.434
  -6.233
  -2.632
  -6.118
  -4.459
  -5.820
  -5.522
  -6.770
  -4.453
  -4.245
  -4.755
  -5.262
  -5.468
  -5.625
  -6.743
  -5.301
  -4.464
  -5.749
  -4.327
  -5.761
  -3.370
  -5.292
  -5.395
  -5.852
  -4.941
  -5.859
  -3.978
  -6.383
  -5.581
  -5.958
  -3.412
  -5.208
  -5.551
  -6.783
  -6.840
  -6.639
  -2.789
  -4.032
  -5.147
  -5.158
  -4.955
  -4.600
  -4.682
  -4.820
  -4.310
  -4.356
  -4.234
  -6.068
  -3.211
  -3.476
  -6.680
  -5.047
  -5.059
  -4.789
  -5.101
  -3.724
  -6.363
  -3.848
  -4.187
  -3.568
  -3.748
  -3.206
  -5.314
  -4.199
  -4.777
  -4.692
  -5.118
  -3.315
  -4.319
  -6.109
  -3.289
  -5.072
  -5.702
  -4.429
  -3.917
  -6.217
  -4.347
  -4.986
  -7.085
  -6.352
  -5.174
  -3.554
  -6.322
  -4.378
  -4.480
  -4.579
  -5.950
  -5.580
  -6.421
  -4.543
  -4.563
  -3.759
  -5.178
  -4.262
  -5.138
  -4.020
  -5.183
  -4.861
  -6.040
  -5.743
  -6.143
  -4.605
  -3.880
  -6.108
  -5.726
  -4.614
  -4.143
  -3.453
  -4.120
  -6.368
  -7.067
  -5.275
  -3.411
  -5.325
  -5.406
  -3.752
  -5.905
  -5.635
  -4.950
  -5.859
  -5.803
  -4.412
  -5.672
  -5.911
  -4.476
  -5.138
  -7.468
  -5.896
  -6.003
  -3.123
  -5.981
  -4.502
  -5.421
  -4.305
  -4.446
  -3.858
  -4.829
  -3.060
  -6.287
  -3.239
  -4.601
  -3.800
  -5.778
  -5.482
  -5.641
  -4.451
  -5.782
  -6.104
  -3.665
  -5.749
  -4.971
  -5.598
  -4.737
  -7.215
  -6.347
  -6.213
  -4.137
  -3.855
  -6.044
  -6.277
  -5.339
  -5.100
  -4.697
  -5.991
  -4.864
  -4.627
  -4.647
  -6.549
  -6.555
  -4.172
  -4.251
  -5.728
  -3.365
  -6.230
  -4.571
  -5.937
  -4.615
  -5.352
  -5.523
  -5.050
  -3.563
  -5.951
  -6.213
  -4.738
  -3.104
  -5.336
  -5.734
  -5.195
  -4.238
  -5.437
  -4.985
  -2.817
  -5.146
  -5.902
  -3.713
  -6.609
  -5.948
  -4.814
  -5.270
  -4.693
  -6.017
  -5.172
  -2.577
  -4.974
  -4.976
  -6.375
  -6.413
  -6.483
  -4.253
  -5.984
  -4.830
  -3.759
  -3.952
  -5.059
  -3.514
  -3.921
  -5.087
  -5.100
  -3.796
  -4.807
  -4.840
  -5.883
  -3.939
  -6.393
  -5.227
  -6.777
  -5.153
  -3.811
  -5.927
  -3.625
  -6.000
  -5.946
  -5.122
  -4.220
  -4.286
  -5.112
  -5.340
  -2.585
  -6.611
  -4.249
  -6.069
  -4.809
  -4.733
  -4.890
  -3.672
  -3.871
  -2.812
  -5.344
  -6.053
  -2.976
  -5.728
  -7.026
  -4.383
  -4.875
  -4.341
  -5.762
  -3.621
  -4.874
  -4.329
  -5.571
  -5.032
  -5.498
  -5.738
  -7.084
  -4.432
  -4.688
  -5.170
  -6.243
  -5.417
  -3.993
  -5.551
  -4.045
  -4.360
  -5.195
  -4.901
  -6.422
  -5.715
  -5.172
  -5.433
  -5.671
  -5.901
  -4.002
  -6.399
  -4.350
  -4.593
  -5.338
  -5.126
  -5.068
  -4.428
  -5.369
  -5.129
  -5.152
  -4.943
  -3.845
  -4.678
  -5.695
  -3.739
  -4.611
  -5.441
  -4.923
  -4.442
  -5.673
  -4.204
  -7.054
  -5.444
  -3.873
  -4.979
  -5.498
  -4.978
  -6.095
  -6.688
  -3.750
  -5.822
  -6.042
  -3.561
  -4.331
  -2.573
  -4.279
  -5.873
  -4.963
  -5.428
  -4.760
  -6.549
  -5.860
  -3.705
  -3.334
  -5.750
  -6.114
  -3.331
  -5.141
  -5.396
  -4.948
  -6.484
  -2.777
  -4.911
  -5.461
  -5.497
  -6.499
  -4.601
  -3.784
  -5.522
  -5.393
  -5.122
  -4.060
  -5.453
  -4.622
  -6.226
  -3.869
  -5.552
  -5.829
  -5.170
  -5.460
  -4.860
  -5.873
  -4.665
  -4.252
  -6.412
  -6.560
  -6.165
  -4.356
  -3.097
  -6.740
  -4.418
  -4.796
  -5.385
  -5.439
  -5.325
  -3.310
  -6.779
  -5.000
  -5.951
  -3.240
  -6.795
  -4.264
  -4.170
  -6.026
  -4.208
  -5.668
  -5.491
  -3.068
  -3.511
  -7.229
  -4.326
  -5.617
  -5.382
  -3.342
  -5.056
  -6.951
  -6.042
  -4.454
  -5.365
  -5.651
  -5.040
  -5.330
  -3.365
  -5.372
  -5.178
  -3.139
  -6.197
  -4.689
  -3.871
  -4.543
  -5.218
  -5.190
  -6.490
  -6.305
  -6.428
  -4.211
  -5.581
  -5.163
  -4.926
  -5.391
  -5.030
  -4.159
  -5.248
  -4.362
  -5.738
  -4.960
  -6.219
  -5.582
  -5.635
  -5.635
  -4.157
  -4.694
  -5.820
  -4.761
  -5.397
  -4.379
  -6.789
  -6.270
  -5.953
  -3.574
  -6.254
  -4.489
  -5.181
  -4.596
  -5.059
  -2.661
  -6.202
  -5.486
  -3.448
  -4.144
  -5.002
  -5.206
  -5.190
  -5.478
  -4.573
  -4.560
  -7.498
  -6.351
  -6.366
  -3.107
  -4.920
  -6.280
  -3.676
  -6.056
  -4.352
  -2.952
  -4.939
  -6.328
  -3.497
  -6.546
  -4.965
  -4.261
  -4.884
  -5.404
  -4.303
  -4.211
  -5.061
  -5.891
  -5.962
  -6.469
  -4.605
  -4.309
  -4.553
  -5.848
  -4.002
  -5.080
  -3.308
  -7.405
  -3.411
  -4.199
  -4.774
  -5.736
  -3.831
  -3.615
  -4.677
  -4.004
  -5.430
  -5.278
  -4.348
  -3.435
  -5.150
  -4.062
  -5.051
  -6.531
  -4.874
  -6.175
  -3.866
  -3.776
  -4.982
  -5.012
  -5.020
  -4.228
  -4.395
  -4.196
  -3.898
  -6.568
  -4.729
  -4.105
  -5.846
  -4.961
  -4.776
  -7.034
  -4.595
  -4.840
  -4.136
  -6.431
  -6.694
  -5.876
  -5.318
  -6.364
  -3.594
  -6.307
  -5.080
  -2.617
  -6.848
  -5.124
  -5.967
  -4.197
  -5.322
  -4.186
  -6.656
  -5.431
  -3.154
  -4.654
  -5.716
  -4.486
  -5.496
  -4.400
  -5.984
  -6.291
  -5.771
  -5.763
  -5.759
  -6.056
  -4.767
  -6.937
  -6.458
  -7.099
  -6.036
  -5.151
  -6.566
  -6.410
  -5.095
  -6.644
  -5.743
  -4.599
  -4.850
  -5.618
  -4.094
  -4.561
  -7.102
  -3.499
  -7.120
  -4.964
  -6.236
  -3.447
  -5.047
  -4.678
  -4.048
  -5.892
  -4.069
  -4.451
  -5.203
  -6.623
  -5.368
  -4.986
  -4.129
  -5.353
  -4.904
  -3.068
  -5.260
  -6.800
  -3.249
  -4.262
  -4.743
  -6.295
  -3.301
  -5.758
  -3.196
  -6.662
  -4.648
  -4.514
  -4.557
  -6.573
  -5.236
  -5.575
  -5.785
  -5.066
  -4.252
  -3.414
  -4.396
  -3.567
  -6.821
  -5.696
  -3.288
  -6.990
  -4.534
  -5.675
  -5.285
  -5.366
  -6.987
  -4.940
  -5.792
  -5.682
  -7.042
  -4.957
  -7.010
  -4.039
  -4.627
  -6.522
  -4.033
  -5.241
  -5.249
  -2.690
  -4.460
  -4.929
  -4.679
  -6.160
  -6.547
  -4.232
  -4.464
  -5.543
  -3.560
  -5.403
  -5.445
  -6.445
  -4.784
  -3.927
  -7.011
  -5.344
  -5.375
  -5.074
  -4.929
  -3.301
  -4.310
  -5.738
  -6.671
  -6.490
  -4.571
  -3.798
  -4.622
  -4.386
  -6.957
  -4.680
  -3.734
  -3.104
  -5.078
  -4.423
  -4.836
  -4.651
  -5.491
  -5.441
  -3.323
  -5.486
  -7.192
  -3.748
  -5.021
  -4.345
  -5.064
  -3.800
  -5.646
  -5.310
  -4.295
  -5.011
  -5.462
  -3.563
  -4.489
  -7.289
  -3.758
  -6.926
  -5.954
  -4.129
  -6.515
  -3.939
  -3.844
  -5.068
  -5.720
  -3.906
  -5.683
  -5.229
  -6.075
  -2.761
  -4.111
  -3.679
  -4.856
  -3.653
  -6.220
  -6.359
  -3.011
  -6.251
  -6.313
  -3.368
  -4.032
  -2.582
  -5.271
  -4.945
  -3.944
  -2.683
  -5.618
  -4.413
  -4.077
  -6.648
  -6.176
  -5.171
  -5.633
  -5.454
  -3.974
  -4.457
  -5.816
  -4.746
  -3.951
  -5.216
  -4.316
  -5.341
  -3.600
  -5.979
  -5.774
  -5.053
  -5.953
  -6.897
  -4.474
  -5.701
  -4.067
  -3.623
  -3.395
  -3.664
  -3.689
  -4.763
  -5.670
  -4.358
  -4.966
  -6.632
  -4.855
  -5.064
  -5.528
  -5.412
  -5.587
  -5.092
  -4.326
  -4.481
  -6.221
  -6.025
  -4.384
  -4.029
  -4.946
  -4.031
  -5.507
  -3.595
  -4.880
  -5.729
  -5.308
  -4.439
  -4.610
  -6.205
  -3.424
  -6.054
  -6.708
  -3.854
  -4.782
  -2.912
  -6.512
  -4.115
  -5.222
  -5.718
  -5.267
  -4.463
  -3.615
  -6.328
  -3.732
  -3.362
  -5.091
  -3.416
  -7.511
  -5.338
  -4.392
  -6.015
  -5.626
  -4.951
  -4.895
  -5.710
  -5.405
  -6.896
  -5.809
  -4.127
  -4.189
  -5.360
  -5.919
  -3.802
  -5.478
  -4.486
  -2.550
  -4.956
  -5.618
  -5.616
  -2.320
  -5.197
  -6.211
  -7.108
  -3.159
  -5.309
  -5.929
  -2.548
  -5.348
  -6.236
  -5.821
  -5.747
  -4.677
  -5.841
  -5.547
  -3.804
  -4.377
  -5.322
  -5.636
  -5.333
  -5.682
  -6.266
  -3.955
  -3.854
  -3.619
  -3.897
  -5.527
  -5.616
  -3.855
  -4.875
  -5.016
  -5.573
  -5.251
  -4.494
  -3.907
  -5.993
  -4.653
  -5.445
  -5.072
  -2.748
  -5.284
  -4.156
  -6.294
  -3.534
  -6.129
  -3.927
  -4.381
  -4.396
  -6.437
  -5.252
  -7.166
  -3.280
  -2.425
  -5.201
  -4.846
  -5.568
  -5.119
  -4.796
  -6.591
  -5.704
  -4.168
  -3.166
  -3.390
  -4.434
  -4.730
  -4.528
  -6.184
  -4.059
  -4.764
  -3.678
  -5.005
  -4.283
  -6.372
  -4.217
  -4.823
  -4.237
  -3.506
  -4.750
  -4.411
  -5.178
  -5.444
  -5.657
  -3.837
  -2.484
  -3.400
  -2.978
  -4.270
  -4.637
  -3.655
  -3.023
  -5.552
  -5.653
  -5.030
  -5.929
  -4.337
  -4.577
  -6.711
  -3.926
  -3.987
  -4.786
  -5.881
  -4.811
  -5.630
  -4.478
  -5.086
  -4.806
  -5.562
  -4.737
  -5.307
  -4.897
  -4.342
  -5.304
  -5.228
  -5.224
  -5.068
  -3.781
  -5.112
  -3.591
  -4.331
  -6.687
  -3.696
  -4.183
  -4.846
  -3.921
  -5.295
  -6.465
  -5.747
  -5.884
  -5.503
  -5.739
  -3.673
  -6.238
  -4.257
  -4.750
  -4.397
  -5.168
  -5.220
  -6.470
  -5.805
  -4.734
  -4.117
  -4.660
  -3.919
  -4.276
  -3.678
  -4.845
  -4.868
  -3.528
  -5.964
  -3.693
  -4.816
  -6.785
  -4.208
  -5.039
  -3.983
  -5.503
  -4.820
  -4.829
  -6.526
  -6.429
  -4.888
  -6.804
  -4.428
  -4.321
  -3.560
  -6.342
  -4.689
  -3.947
  -3.349
  -3.450
  -5.499
  -4.522
  -4.631
  -4.254
  -6.132
  -4.233
  -4.338
  -4.638
  -4.929
  -5.450
  -4.577
  -5.650
  -4.323
  -4.738
  -4.443
  -6.353
  -5.693
  -6.781
  -5.021
  -3.598
  -5.764
  -3.901
  -4.013
  -3.614
  -6.147
  -4.927
  -5.427
  -6.209
  -6.209
  -5.776
  -3.611
  -4.774
  -3.463
  -5.402
  -5.101
  -5.964
  -5.971
  -5.797
  -5.263
  -4.825
  -6.087
  -6.838
  -6.529
  -6.053
  -4.502
  -5.363
  -4.666
  -5.174
  -4.534
  -3.308
  -4.926
  -7.201
  -6.076
  -5.698
  -5.950
  -4.617
  -7.456
  -3.997
  -5.364
  -5.230
  -2.849
  -3.998
  -3.876
  -3.073
  -3.980
  -3.159
  -3.729
  -4.752
  -6.375
  -6.724
  -4.904
  -5.438
  -5.339
  -3.595
  -5.423
  -3.910
  -6.128
  -5.734
  -6.310
  -4.143
  -5.679
  -5.117
  -3.880
  -3.431
  -6.254
  -6.235
  -4.546
  -4.958
  -4.692
  -5.139
  -5.714
  -6.290
  -3.324
  -4.239
  -4.387
  -4.625
  -6.308
  -2.730
  -4.229
  -3.375
  -5.178
  -4.704
  -6.008
  -4.847
  -4.472
  -5.250
  -5.177
  -6.080
  -5.077
  -5.336
  -4.175
  -4.511
  -6.020
  -4.291
  -5.267
  -6.183
  -6.293
  -3.199
  -5.612
  -6.200
  -4.506
  -4.512
  -4.376
  -5.609
  -5.491
  -4.075
  -4.102
  -4.454
  -5.708
  -4.467
  -4.302
  -4.162
  -6.327
  -4.016
  -5.228
  -5.496
  -5.561
  -4.542
  -3.660
  -3.889
  -3.734
  -6.586
  -2.629
  -6.573
  -4.927
  -5.934
  -5.583
  -5.141
  -6.676
  -4.810
  -3.732
  -4.199
  -4.362
  -5.037
  -4.112
  -6.176
  -3.880
  -3.798
  -4.414
  -5.824
  -4.388
  -4.721
  -3.383
  -4.844
  -5.466
  -4.373
  -5.608
  -6.629
  -4.377
  -4.840
  -3.890
  -5.482
  -5.633
  -5.181
  -4.476
  -5.447
  -3.794
  -4.715
  -3.982
  -5.850
  -4.729
  -4.180
  -6.510
  -2.825
  -6.784
  -3.869
  -5.553
  -6.000
  -4.620
  -6.675
  -4.065
  -5.983
  -5.186
  -4.255
  -4.858
  -4.462
  -6.630
  -3.485
  -2.800
  -3.189
  -6.392
  -5.244
  -6.196
  -4.227
  -6.240
  -3.991
  -5.645
  -5.324
  -4.533
  -4.113
  -4.646
  -3.946
  -5.852
  -4.793
  -7.271
  -6.713
  -6.975
  -4.705
  -4.737
  -6.229
  -5.120
  -5.419
  -3.080
  -5.384
  -5.652
  -5.568
  -3.893
  -6.284
  -4.841
  -4.929
  -5.553
  -5.531
  -4.557
  -6.827
  -4.874
  -6.266
  -3.833
  -2.904
  -4.604
  -3.066
  -4.789
  -4.575
  -5.508
  -5.595
  -4.223
  -3.682
  -3.552
  -3.806
  -4.581
  -4.073
  -5.868
  -5.641
  -5.451
  -4.742
  -5.131
  -4.431
  -3.870
  -5.201
  -4.455
  -4.965
  -4.755
  -6.201
  -6.643
  -5.305
  -6.222
  -5.464
  -6.894
  -4.879
  -4.082
  -7.007
  -3.809
  -6.094
  -6.614
  -2.936
  -4.867
  -7.014
  -3.557
  -3.439
  -5.005
  -4.815
  -5.332
  -6.518
  -4.498
  -4.993
  -3.641
  -5.035
  -4.566
  -6.160
  -3.896
  -5.379
  -3.963
  -7.235
  -5.476
  -4.594
  -4.630
  -4.819
  -5.254
  -4.809
  -4.874
  -4.155
  -5.842
  -4.371
  -5.816
  -2.892
  -4.986
  -5.028
  -3.104
  -5.048
  -4.230
  -5.662
  -5.589
  -4.770
  -5.597
  -5.397
  -5.893
  -5.538
  -5.021
  -7.032
  -6.124
  -7.110
  -3.563
  -6.684
  -5.200
  -3.046
  -3.730
  -5.576
  -4.652
  -4.604
  -2.400
  -5.991
  -5.512
  -3.136
  -5.908
  -4.203
  -5.896
  -6.210
  -5.907
  -6.987
  -6.484
  -5.647
  -6.445
  -4.322
  -6.355
  -5.230
  -6.166
  -5.170
  -6.388
  -4.643
  -5.769
  -5.837
  -5.581
  -5.031
  -5.565
  -5.544
  -5.267
  -5.085
  -4.769
  -2.602
  -6.513
  -4.840
  -5.731
  -3.049
  -5.249
  -4.848
  -3.619
  -4.472
  -5.351
  -5.191
  -5.872
  -5.210
  -4.599
  -4.689
  -5.759
  -4.076
  -4.861
  -5.014
  -6.877
  -4.359
  -5.556
  -4.525
  -2.689
  -5.160
  -4.030
  -5.425
  -5.049
  -4.470
  -4.595
  -3.698
  -7.245
  -4.940
  -4.572
  -5.065
  -4.874
  -4.825
  -6.347
  -3.146
  -4.112
  -4.106
  -5.573
  -5.720
  -4.083
  -5.320
  -4.055
  -4.616
  -4.963
  -5.763
  -5.269
  -6.343
  -5.599
  -3.301
  -3.551
  -4.230
  -5.354
  -6.615
  -5.200
  -5.625
  -4.362
  -4.509
  -4.708
  -5.676
  -3.663
  -4.775
  -4.492
  -6.215
  -5.697
  -5.951
  -4.765
  -5.180
  -5.266
  -6.024
  -3.585
  -5.046
  -6.358
  -5.588
  -5.747
  -3.341
  -5.609
  -3.984
  -5.685
  -5.693
  -5.496
  -4.358
  -3.983
  -4.953
  -5.413
  -5.919
  -5.465
  -3.452
  -5.935
  -4.323
  -5.402
  -4.962
  -6.371
  -6.260
  -5.276
  -3.598
  -3.978
  -4.503
  -5.659
  -4.953
  -3.855
  -4.846
  -3.789
  -5.500
  -4.174
  -5.494
  -4.856
  -6.331
  -5.854
  -4.623
  -4.274
  -5.669
  -5.673
  -3.391
  -5.964
  -3.515
  -5.584
  -3.294
  -4.422
  -4.211
  -6.434
  -7.327
  -5.100
  -5.696
  -5.004
  -5.278
  -4.714
  -4.459
  -5.098
  -3.587
  -5.074
  -6.856
  -3.433
  -4.418
  -4.296
  -5.354
  -5.813
  -5.149
  -5.011
  -4.463
  -5.193
  -5.781
  -5.238
  -4.195
  -4.466
  -5.983
  -3.878
  -5.939
  -6.113
  -3.469
  -5.283
  -5.487
  -5.978
  -6.294
  -5.467
  -2.981
  -6.745
  -5.094
  -4.175
  -5.612
  -5.196
  -5.119
  -6.730
  -5.631
  -7.682
  -4.299
  -4.898
  -3.622
  -3.835
  -4.984
  -3.684
  -5.038
  -5.105
  -5.142
  -5.262
  -4.030
  -5.563
  -6.307
  -3.053
  -4.428
  -5.289
  -4.251
  -6.044
  -6.760
  -6.144
  -5.136
  -6.421
  -3.052
  -3.416
  -5.469
  -4.907
  -5.451
  -3.636
  -6.737
  -6.381
  -5.438
  -6.244
  -5.171
  -4.576
  -5.015
  -4.337
  -3.447
  -4.451
  -3.637
  -6.034
  -3.921
  -3.631
  -4.953
  -5.469
  -3.634
  -3.015
  -6.050
  -6.887
  -5.315
  -4.078
  -5.012
  -5.538
  -4.913
  -5.426
  -6.791
  -4.562
  -3.725
  -4.139
  -7.071
  -7.008
  -5.613
  -6.232
  -5.781
  -6.665
  -3.954
  -5.326
  -4.530
  -4.818
  -4.245
  -5.516
  -5.093
  -5.127
  -5.815
  -5.486
  -5.665
  -4.879
  -5.697
  -4.212
  -4.061
  -5.669
  -4.372
  -4.304
  -4.450
  -6.530
  -7.224
  -3.695
  -4.597
  -4.680
  -6.886
  -3.433
  -5.777
  -3.779
  -6.804
  -5.495
  -4.879
  -3.777
  -4.743
  -3.404
  -5.738
  -4.829
  -4.349
  -5.170
  -3.870
  -6.366
  -4.685
  -3.428
  -6.053
  -4.981
  -5.378
  -4.240
  -4.486
  -3.568
  -5.388
  -4.337
  -5.208
  -5.692
  -4.969
  -6.211
  -5.823
  -4.672
  -4.284
  -5.608
  -3.888
  -4.831
  -4.670
  -5.587
  -5.554
  -4.938
  -4.896
  -6.253
  -6.601
  -4.320
  -5.443
  -3.868
  -3.101
  -5.254
  -5.628
  -4.400
  -5.598
  -5.652
  -4.760
  -7.569
  -4.527
  -5.072
  -3.830
  -4.672
  -5.025
  -6.558
  -4.736
  -7.037
  -3.893
  -6.039
  -3.768
  -5.147
  -5.303
  -4.561
  -4.795
  -5.085
  -4.109
  -6.926
  -3.648
  -4.514
  -6.852
  -4.027
  -6.113
  -3.620
  -4.054
  -5.155
  -3.537
  -5.102
  -4.467
  -4.334
  -4.969
  -5.323
  -5.389
  -4.489
  -4.229
  -4.297
  -4.948
  -5.156
  -3.833
  -3.870
  -5.737
  -5.691
  -6.302
  -3.560
  -4.689
  -4.625
  -5.853
  -4.306
  -5.861
  -5.334
  -3.506
  -4.422
  -4.985
  -4.927
  -5.360
  -4.535
  -3.934
  -5.424
  -3.108
  -5.298
  -7.259
  -5.569
  -2.449
  -5.092
  -5.171
  -4.815
  -3.911
  -3.731
  -6.483
  -4.718
  -4.360
  -6.276
  -6.059
  -5.972
  -4.901
  -5.416
  -4.219
  -4.545
  -3.949
  -5.895
  -5.885
  -5.985
  -5.688
  -5.978
  -5.756
  -3.544
  -7.432
  -5.305
  -5.107
  -4.711
  -5.642
  -5.000
  -2.776
  -5.934
  -4.387
  -5.143
  -3.692
  -5.265
  -4.381
  -2.822
  -5.626
  -3.912
  -5.560
  -3.383
  -4.897
  -5.637
  -6.024
  -3.907
  -4.924
  -5.202
  -5.906
  -4.321
  -5.599
  -4.893
  -2.778
  -4.752
  -5.797
  -4.651
  -5.481
  -4.714
  -5.398
  -6.721
  -5.180
  -6.476
  -5.985
  -4.315
  -4.145
  -6.256
  -4.240
  -5.828
  -5.252
  -4.612
  -5.575
  -6.139
  -6.176
  -4.723
  -6.516
  -4.825
  -5.905
  -3.537
  -5.233
  -3.659
  -5.258
  -5.370
  -6.203
  -6.612
  -3.335
  -2.854
  -5.383
  -3.635
  -6.038
  -3.889
  -4.345
  -6.221
  -4.519
  -4.171
  -6.798
  -5.830
  -5.681
  -4.517
  -6.407
  -6.900
  -3.378
  -5.881
  -3.887
  -5.648
  -4.646
  -6.115
  -4.356
  -5.376
  -5.692
  -3.653
  -4.882
  -5.499
  -5.607
  -6.396
  -3.436
  -4.966
  -4.031
  -4.082
  -6.486
  -5.130
  -4.909
  -5.828
  -6.221
  -6.199
  -4.183
  -5.924
  -4.621
  -5.604
  -3.776
  -4.647
  -3.399
  -4.573
  -6.534
  -4.397
  -4.331
  -3.820
  -6.134
  -5.430
  -4.899
  -4.979
  -5.616
  -6.259
  -5.489
  -4.656
  -5.728
  -5.891
  -4.107
  -5.430
  -5.896
  -3.734
  -6.010
  -3.928
  -4.766
  -2.982
  -5.345
  -6.352
  -4.215
  -5.116
  -5.251
  -4.903
  -5.475
  -4.814
  -4.349
  -5.498
  -5.244
  -5.278
  -6.239
  -4.601
  -5.403
  -4.851
  -4.131
  -3.705
  -4.097
  -5.307
  -5.136
  -6.495
  -4.902
  -5.557
  -4.235
  -5.515
  -5.546
  -3.360
  -5.519
  -4.974
  -6.340
  -4.069
  -4.329
  -6.812
  -6.110
  -5.941
  -3.980
  -5.832
  -4.471
  -6.333
  -5.906
  -4.853
  -5.215
  -7.477
  -4.577
  -5.569
  -5.348
  -5.930
  -6.134
  -6.442
  -6.165
  -4.616
  -3.483
  -4.924
  -5.019
  -3.259
  -3.743
  -5.976
  -6.130
  -3.701
  -3.598
  -5.515
  -5.270
  -5.546
  -3.944
  -3.521
  -5.967
  -5.878
  -6.222
  -4.295
  -4.769
  -6.831
  -5.943
  -6.717
  -4.676
  -3.116
  -5.337
  -6.184
  -4.908
  -4.630
  -4.549
  -5.800
  -5.616
  -6.202
  -4.282
  -3.836
  -5.395
  -5.035
  -5.091
  -5.690
  -4.767
  -4.359
  -5.559
  -4.733
  -3.434
  -4.021
  -4.892
  -6.169
  -4.043
  -4.697
  -6.697
  -6.458
  -7.020
  -5.865
  -6.474
  -6.649
  -5.731
  -5.559
  -5.854
  -5.068
  -5.042
  -3.377
  -3.490
  -5.267
  -4.689
  -4.692
  -4.934
  -5.035
  -4.953
  -5.741
  -5.128
  -6.315
  -4.560
  -4.667
  -5.449
  -6.517
  -5.231
  -4.373
  -5.955
  -6.300
  -3.314
  -5.462
  -5.198
  -6.659
  -5.135
  -4.888
  -6.541
  -2.818
  -4.408
  -4.622
  -5.021
  -4.082
  -5.223
  -3.621
  -4.172
  -4.409
  -4.923
  -4.754
  -5.078
  -4.266
  -6.541
  -4.213
  -5.563
  -4.730
  -5.954
  -6.885
  -4.418
  -3.703
  -5.498
  -4.712
  -6.893
  -5.166
  -5.356
  -5.397
  -6.778
  -6.123
  -4.855
  -6.818
  -5.525
  -5.457
  -4.174
  -6.933
  -5.304
  -4.387
  -4.304
  -4.962
  -5.591
  -6.135
  -4.450
  -5.668
  -5.017
  -3.841
  -4.216
  -4.199
  -4.147
  -4.532
  -4.181
  -6.538
  -6.330
  -5.368
  -4.705
  -2.514
  -5.679
  -5.892
  -5.444
  -3.942
  -3.774
  -6.194
  -6.085
  -5.779
  -5.893
  -5.376
  -4.982
  -5.417
  -6.283
  -3.430
  -5.509
  -3.965
  -3.081
  -4.530
  -6.003
  -3.985
  -5.271
  -6.210
  -4.385
  -4.121
  -5.098
  -5.021
  -4.711
  -5.140
  -3.618
  -5.693
  -6.850
  -4.380
  -6.369
  -4.245
  -3.422
  -5.283
  -3.839
  -4.646
  -4.877
  -4.343
  -3.993
  -4.149
  -4.359
  -6.801
  -6.245
  -6.084
  -4.842
  -5.054
  -4.170
  -5.105
  -5.622
  -5.361
  -5.127
  -5.753
  -3.951
  -4.338
  -5.501
  -4.460
  -7.189
  -5.027
  -4.117
  -5.249
  -5.841
  -5.525
  -2.550
  -3.430
  -5.771
  -5.941
  -5.343
  -3.577
  -5.187
  -6.486
  -5.179
  -4.791
  -6.778
  -3.808
  -5.572
  -5.540
  -6.194
  -5.642
  -6.827
  -6.184
  -4.070
  -4.239
  -4.075
  -4.548
  -4.527
  -2.566
  -6.206
  -5.675
  -6.048
  -5.109
  -6.139
  -4.530
  -4.296
  -4.326
  -4.080
  -3.145
  -3.943
  -6.118
  -7.042
  -4.437
  -6.338
  -4.895
  -7.490
  -4.343
  -4.941
  -4.942
  -5.823
  -4.531
  -3.461
  -6.141
  -5.313
  -3.217
  -4.350
  -5.644
  -5.580
  -4.524
  -5.406
  -6.460
  -6.073
  -6.010
  -6.245
  -3.868
  -4.251
  -4.413
  -4.610
  -4.955
  -3.116
  -3.120
  -6.229
  -5.472
  -5.107
  -4.872
  -4.139
  -5.145
  -5.206
  -3.547
  -6.094
  -5.045
  -6.196
  -4.623
  -4.858
  -4.001
  -3.924
  -5.724
  -6.901
  -5.083
  -3.824
  -5.869
  -3.717
  -5.133
  -5.806
  -6.383
  -6.081
  -5.872
  -5.092
  -3.463
  -5.030
  -5.864
  -5.671
  -6.367
  -6.604
  -5.209
  -3.550
  -3.910
  -6.776
  -5.567
  -4.469
  -5.238
  -4.695
  -5.626
  -3.287
  -5.751
  -5.701
  -3.832
  -5.992
  -3.873
  -6.373
  -4.448
  -6.177
  -3.779
  -5.995
  -3.331
  -7.607
  -3.658
  -3.641
  -4.278
  -3.412
  -6.515
  -3.418
  -5.436
  -5.672
  -5.181
  -4.510
  -6.588
  -5.407
  -7.433
  -4.172
  -4.119
  -4.714
  -4.400
  -7.116
  -3.743
  -3.810
  -5.280
  -5.864
  -5.888
  -3.528
  -3.391
  -4.731
  -4.970
  -5.810
  -3.948
  -5.538
  -5.217
  -3.367
  -4.840
  -7.015
  -3.163
  -3.096
  -5.134
  -5.240
  -6.612
  -3.120
  -3.420
  -5.424
  -5.052
  -4.998
  -6.500
  -3.851
  -3.623
  -5.311
  -4.514
  -3.377
  -4.752
  -5.283
  -5.020
  -4.936
  -6.358
  -5.963
  -5.937
  -6.172
  -4.601
  -3.375
  -5.647
  -3.541
  -3.838
  -3.584
  -5.704
  -5.306
  -6.084
  -4.753
  -4.744
  -4.764
  -5.720
  -6.558
  -4.418
  -6.259
  -3.734
  -3.146
  -3.463
  -5.949
  -3.944
  -4.363
  -5.375
  -5.478
  -3.856
  -5.859
  -3.831
  -3.789
  -5.627
  -5.243
  -4.367
  -5.702
  -4.008
  -5.571
  -5.502
  -7.048
  -5.340
  -5.857
  -6.714
  -5.885
  -5.948
  -4.181
  -4.933
  -3.924
  -6.164
  -5.465
  -5.607
  -3.880
  -5.733
  -4.621
  -5.970
  -5.921
  -4.686
  -6.025
  -5.488
  -6.359
  -4.961
  -3.675
  -5.488
  -4.409
  -6.479
  -4.750
  -5.368
  -6.037
  -4.566
  -5.828
  -5.167
  -3.171
  -5.430
  -3.992
  -5.170
  -5.688
  -5.198
  -5.637
  -5.225
  -4.063
  -5.880
  -6.955
  -4.494
  -4.248
  -4.916
  -5.239
  -4.478
  -4.713
  -5.436
  -5.372
  -4.987
  -5.095
  -4.782
  -4.858
  -4.864
  -5.377
  -5.824
  -4.073
  -6.566
  -6.553
  -4.263
  -5.235
  -3.903
  -6.261
  -4.144
  -5.595
  -4.884
  -6.112
  -3.082
  -5.491
  -6.360
  -5.032
  -4.975
  -4.878
  -6.022
  -3.642
  -5.441
  -3.134
  -3.680
  -5.787
  -5.638
  -5.002
  -5.167
  -3.740
  -4.899
  -3.927
  -4.138
  -5.990
  -4.530
  -4.463
  -4.998
  -6.812
  -4.368
  -3.904
  -6.040
  -6.453
  -6.359
  -4.836
  -4.465
  -5.082
  -4.646
  -5.381
  -2.939
  -6.574
  -4.216
  -3.572
  -5.220
  -4.029
  -7.000
  -6.178
  -5.920
  -6.736
  -5.266
  -5.219
  -4.410
  -4.846
  -5.328
  -5.874
  -5.836
  -5.127
  -4.918
  -4.973
  -4.102
  -4.879
  -5.548
  -6.558
  -4.965
  -5.231
  -4.262
  -5.550
  -4.556
  -6.069
  -5.441
  -4.608
  -4.104
  -6.308
  -4.216
  -5.462
  -5.216
  -4.482
  -5.733
  -4.059
  -4.895
  -5.338
  -4.825
  -5.192
  -5.284
  -4.874
  -3.396
  -4.214
  -6.622
  -4.298
  -5.321
  -5.943
  -4.504
  -3.630
  -5.294
  -5.882
  -5.160
  -6.078
  -5.234
  -6.043
  -5.613
  -6.140
  -5.650
  -4.738
  -4.679
  -6.499
  -4.513
  -4.440
  -5.353
  -3.864
  -4.859
  -3.008
  -3.940
  -5.947
  -7.563
  -6.662
  -5.328
  -3.945
  -4.216
  -3.880
  -4.134
  -4.012
  -5.000
  -3.931
  -4.231
  -3.828
  -4.186
  -5.019
  -4.790
  -6.383
  -3.887
  -5.370
  -4.655
  -4.082
  -4.662
  -4.169
  -5.081
  -5.358
  -5.789
  -3.622
  -2.991
  -5.082
  -4.174
  -5.148
  -3.125
  -4.523
  -6.967
  -3.690
  -6.750
  -4.711
  -5.193
  -5.802
  -7.340
  -5.368
  -6.315
  -5.340
  -4.705
  -5.528
  -3.280
  -6.531
  -5.817
  -3.385
  -5.486
  -2.689
  -4.608
  -4.395
  -5.264
  -5.039
  -4.981
  -6.040
  -5.061
  -3.006
  -4.499
  -4.327
  -3.869
  -4.301
  -4.231
  -3.071
  -2.584
  -4.870
  -5.267
  -4.705
  -2.396
  -6.112
  -6.203
  -5.454
  -5.989
  -5.588
  -4.818
  -5.419
  -3.574
  -5.437
  -5.172
  -5.474
  -5.711
  -4.381
  -6.014
  -2.900
  -5.599
  -5.447
  -4.669
  -5.199
  -5.262
  -3.898
  -4.390
  -5.371
  -6.623
  -3.951
  -5.209
  -3.549
  -4.998
  -3.303
  -6.146
  -5.939
  -5.826
  -6.872
  -4.049
  -6.482
  -5.995
  -5.560
  -4.615
  -5.923
  -4.979
  -3.859
  -6.515
  -4.079
  -5.637
  -6.299
  -4.629
  -4.290
  -5.749
  -4.931
  -4.607
  -4.954
  -4.490
  -5.671
  -4.142
  -3.690
  -3.535
  -3.954
  -4.588
  -5.360
  -5.624
  -6.185
  -5.247
  -6.095
  -4.945
  -5.299
  -4.849
  -6.424
  -6.643
  -4.284
  -4.975
  -4.483
  -5.481
  -4.651
  -4.891
  -4.124
  -4.987
  -3.724
  -3.315
  -5.772
  -5.420
  -6.818
  -5.130
  -4.337
  -4.807
  -3.284
  -4.556
  -4.184
  -3.728
  -5.294
  -6.172
  -3.243
  -5.655
  -3.685
  -4.473
  -4.176
  -4.460
  -5.942
  -4.139
  -3.270
  -3.581
  -3.752
  -3.422
  -4.146
  -3.611
  -4.459
  -4.861
  -4.543
  -6.544
  -5.226
  -6.281
  -4.746
  -5.930
  -5.317
  -4.547
  -3.589
  -3.971
  -6.396
  -3.029
  -5.746
  -5.327
  -7.352
  -5.198
  -4.420
  -4.804
  -3.814
  -6.207
  -5.605
  -3.383
  -4.828
  -6.188
  -3.108
  -4.077
  -3.470
  -3.629
  -4.810
  -5.968
  -4.083
  -5.008
  -4.824
  -4.497
  -3.561
  -5.882
  -4.451
  -3.713
  -4.876
  -6.004
  -5.502
  -5.384
  -4.213
  -3.573
  -4.816
  -5.441
  -4.176
  -5.674
  -3.422
  -4.279
  -4.812
  -3.872
  -5.519
  -4.476
  -3.991
  -6.379
  -4.497
  -7.419
  -5.246
  -3.360
  -5.674
  -4.352
  -4.222
  -5.378
  -4.422
  -5.199
  -4.480
  -5.322
  -5.501
  -5.787
  -2.761
  -5.128
  -3.677
  -6.971
  -6.610
  -5.026
  -4.424
  -6.623
  -3.910
  -5.638
  -4.528
  -4.573
  -6.518
  -5.023
  -5.216
  -4.853
  -3.961
  -5.159
  -4.810
  -3.432
  -6.345
  -6.664
  -3.934
  -5.292
  -5.520
  -5.398
  -3.499
  -4.318
  -5.589
  -5.257
  -5.439
  -4.919
  -5.948
  -5.428
  -4.848
  -5.925
  -5.467
  -4.907
  -5.872
  -3.570
  -5.749
  -6.698
  -4.996
  -4.211
  -4.384
  -4.155
  -4.857
  -4.901
  -5.463
  -5.892
  -5.003
  -3.884
  -6.207
  -7.234
  -5.628
  -3.242
  -4.714
  -5.372
  -4.970
  -4.507
  -4.528
  -5.711
  -7.195
  -5.468
  -5.751
  -3.896
  -5.230
  -5.410
  -6.720
  -4.906
  -4.289
  -4.331
  -6.398
  -5.317
  -5.357
  -5.030
  -6.291
  -3.692
  -5.913
  -4.693
  -4.170
  -5.034
  -3.605
  -5.125
  -5.713
  -3.922
  -5.763
  -5.796
  -4.098
  -5.942
  -4.758
  -4.141
  -4.928
  -3.669
  -6.672
  -6.042
  -5.505
  -7.171
  -5.245
  -4.130
  -5.009
  -4.423
  -5.020
  -5.299
  -4.887
  -3.998
  -3.849
  -3.262
  -4.883
  -3.926
  -5.050
  -3.475
  -5.175
  -5.204
  -5.407
  -3.706
  -4.959
  -3.890
  -6.491
  -4.705
  -6.171
  -6.014
  -4.699
  -4.444
  -6.404
  -5.297
  -6.193
  -4.991
  -6.495
  -3.643
  -5.823
  -4.543
  -5.069
  -4.613
  -5.810
  -4.680
  -5.492
  -5.070
  -5.522
  -4.355
  -5.942
  -3.972
  -6.170
  -5.943
  -5.585
  -4.698
  -3.868
  -5.086
  -5.060
  -5.657
  -4.438
  -4.904
  -6.085
  -5.290
  -3.990
  -4.169
  -4.950
  -3.077
  -4.105
  -6.362
  -5.334
  -5.628
  -4.818
  -4.457
  -6.798
  -4.192
  -5.918
  -6.058
  -4.842
  -4.496
  -3.954
  -3.357
  -4.160
  -5.506
  -5.460
  -5.837
  -3.755
  -5.687
  -5.390
  -4.875
  -2.535
  -3.751
  -3.928
  -5.661
  -3.709
  -6.210
  -5.953
  -4.037
  -3.517
  -4.924
  -5.215
  -6.345
  -4.589
  -5.555
  -4.812
  -2.913
  -5.467
  -5.013
  -4.883
  -5.249
  -4.772
  -5.394
  -4.177
  -5.766
  -5.033
  -5.653
  -4.503
  -5.490
  -4.952
  -5.954
  -4.395
  -5.815
  -3.022
  -3.788
  -3.854
  -3.765
  -6.182
  -6.266
  -6.939
  -3.999
  -5.893
  -4.019
  -4.820
  -5.959
  -4.542
  -4.662
  -5.034
  -6.338
  -4.879
  -5.637
  -6.941
  -4.735
  -5.196
  -4.843
  -3.994
  -4.470
  -5.409
  -2.459
  -3.923
  -5.805
  -7.380
  -6.326
  -6.038
  -5.767
  -4.007
  -5.106
  -5.778
  -4.023
  -5.071
  -5.315
  -3.909
  -2.742
  -3.946
  -4.532
  -6.825
  -5.724
  -5.298
  -5.174
  -3.483
  -5.023
  -6.495
  -6.580
  -4.498
  -4.263
  -4.196
  -4.267
  -4.935
  -6.746
  -5.720
  -3.182
  -4.053
  -6.240
  -4.615
  -7.536
  -4.106
  -5.382
  -4.407
  -5.202
  -5.252
  -5.539
  -4.271
  -5.607
  -4.524
  -3.679
  -4.687
  -6.443
  -4.067
  -3.975
  -4.437
  -6.767
  -4.956
  -6.362
  -5.727
  -3.899
  -5.878
  -5.336
  -5.242
  -5.353
  -4.599
  -5.241
  -5.971
  -4.525
  -5.219
  -4.488
  -4.898
  -5.424
  -3.684
  -5.224
  -6.677
  -5.331
  -5.120
  -6.167
  -3.706
  -5.051
  -5.967
  -5.012
  -4.438
  -3.825
  -4.620
  -3.086
  -4.431
  -5.530
  -4.592
  -4.557
  -5.513
  -3.615
  -3.657
  -5.016
  -3.544
  -7.317
  -4.828
  -5.771
  -5.696
  -4.278
  -4.095
  -5.510
  -5.209
  -5.850
  -4.476
  -5.408
  -4.938
  -4.994
  -4.337
  -5.461
  -6.416
  -6.026
  -4.906
  -5.703
  -3.911
  -4.396
  -4.491
  -5.275
  -5.141
  -4.066
  -4.976
  -3.490
  -5.928
  -6.213
  -4.392
  -5.111
  -5.866
  -4.186
  -6.969
  -3.987
  -3.792
  -3.915
  -5.247
  -4.405
  -6.064
  -4.947
  -5.318
  -3.155
  -7.027
  -4.051
  -5.199
  -4.486
  -3.396
  -5.639
  -5.849
  -2.706
  -4.774
  -3.701
  -5.032
  -4.843
  -3.674
  -5.586
  -5.275
  -5.516
  -4.861
  -2.915
  -5.357
  -4.771
  -5.101
  -4.870
  -6.627
  -4.578
  -4.808
  -6.010
  -6.008
  -6.240
  -4.600
  -4.982
  -7.087
  -3.740
  -4.898
  -5.592
  -5.633
  -6.524
  -4.293
  -4.221
  -4.627
  -5.228
  -4.590
  -5.894
  -5.453
  -4.092
  -5.665
  -3.647
  -7.118
  -5.027
  -2.602
  -4.709
  -3.986
  -6.865
  -4.713
  -4.159
  -3.797
  -5.840
  -4.704
  -5.353
  -6.499
  -3.887
  -4.903
  -4.517
  -3.889
  -4.709
  -4.543
  -6.034
  -5.633
  -5.567
  -6.590
  -3.485
  -6.192
  -5.882
  -2.815
  -5.564
  -5.290
  -3.780
  -6.380
  -4.292
  -6.042
  -5.569
  -4.923
  -5.941
  -2.749
  -5.396
  -4.150
  -4.724
  -7.454
  -4.783
  -5.468
  -5.291
  -4.521
  -5.332
  -4.544
  -5.756
  -5.253
  -3.235
  -5.792
  -4.351
  -4.709
  -5.668
  -5.211
  -4.425
  -6.228
  -6.358
  -5.056
  -4.774
  -3.153
  -4.325
  -4.672
  -3.647
  -4.185
  -5.165
  -5.542
  -4.818
  -5.381
  -3.862
  -5.654
  -4.881
  -2.464
  -5.984
  -6.450
  -4.911
  -4.326
  -5.157
  -3.043
  -4.778
  -6.879
  -3.179
  -4.334
  -4.355
  -4.490
  -5.052
  -5.663
  -5.001
  -4.241
  -6.209
  -3.373
  -4.409
  -3.848
  -4.007
  -4.491
  -5.542
  -6.137
  -4.545
  -3.704
  -5.262
  -4.301
  -3.841
  -4.358
  -2.351
  -5.442
  -4.658
  -6.939
  -5.361
  -5.467
  -5.220
  -6.592
  -5.350
  -6.465
  -5.710
  -4.097
  -4.782
  -6.194
  -6.454
  -3.483
  -3.613
  -5.868
  -5.306
  -6.357
  -3.589
  -6.040
  -3.515
  -3.833
  -5.282
  -5.028
  -5.135
  -4.725
  -5.339
  -4.002
  -6.668
  -5.222
  -5.488
  -5.531
  -4.132
  -6.402
  -4.779
  -4.242
  -4.780
  -6.576
  -3.820
  -3.355
  -4.696
  -4.517
  -6.805
  -5.185
  -5.676
  -4.174
  -6.464
  -3.165
  -6.647
  -6.466
  -4.796
  -4.539
  -6.994
  -6.362
  -4.789
  -3.132
  -5.469
  -4.757
  -5.287
  -3.958
  -5.705
  -5.265
  -5.721
  -3.412
  -4.610
  -4.038
  -5.156
  -5.601
  -4.709
  -3.552
  -6.221
  -4.638
  -4.095
  -3.690
  -6.963
  -4.534
  -4.353
  -3.615
  -4.738
  -3.686
  -5.423
  -5.327
  -5.278
  -3.224
  -3.719
  -6.188
  -6.021
  -4.957
  -4.941
  -5.052
  -5.314
  -3.944
  -3.924
  -4.738
  -4.429
  -5.612
  -3.558
  -6.491
  -4.975
  -5.060
  -5.627
  -6.315
  -3.483
  -6.246
  -5.365
  -5.093
  -3.962
  -7.130
  -5.910
  -4.252
  -4.059
  -4.489
  -2.778
  -6.293
  -2.889
  -5.410
  -4.117
  -4.022
  -5.324
  -3.174
  -6.530
  -3.724
  -5.166
  -5.420
  -6.382
  -5.396
  -5.668
  -5.057
  -6.146
  -5.712
  -5.721
  -7.233
  -5.118
  -4.396
  -5.324
  -6.999
  -5.063
  -5.436
  -4.183
  -3.671
  -4.667
  -7.024
  -5.860
  -4.434
  -5.391
  -4.270
  -4.045
  -5.054
  -4.924
  -5.588
  -5.236
  -5.055
  -4.874
  -5.871
  -6.962
  -3.149
  -6.512
  -5.601
  -5.245
  -3.777
  -5.967
  -5.488
  -4.890
  -5.338
  -7.007
  -5.292
  -5.114
  -5.617
  -5.931
  -4.611
  -5.229
  -4.022
  -3.420
  -5.605
  -5.258
  -5.394
  -4.410
  -7.230
  -4.324
  -4.876
  -3.947
  -5.255
  -4.613
  -5.852
  -5.942
  -4.043
  -3.537
  -6.192
  -4.477
  -5.446
  -5.574
  -5.346
  -4.606
  -4.388
  -5.662
  -3.901
  -6.112
  -4.266
  -6.594
  -5.773
  -4.820
  -3.645
  -6.054
  -3.790
  -3.117
  -6.339
  -4.711
  -5.837
  -4.402
  -3.081
  -4.591
  -5.868
  -5.364
  -4.447
  -4.725
  -5.680
  -6.958
  -4.079
  -5.300
  -4.600
  -5.666
  -6.066
  -5.265
  -5.404
  -4.587
  -2.684
  -5.639
  -5.293
  -4.170
  -4.408
  -4.969
  -5.009
  -6.160
  -3.309
  -5.552
  -5.345
  -5.798
  -5.439
  -3.676
  -4.676
  -5.308
  -5.560
  -3.882
  -4.550
  -3.394
  -4.278
  -6.911
  -4.495
  -4.392
  -4.846
  -4.526
  -4.358
  -5.046
  -3.270
  -5.084
  -5.933
  -5.415
  -5.655
  -5.463
  -6.255
  -3.790
  -4.594
  -3.958
  -5.115
  -6.477
  -3.482
  -4.139
  -3.522
  -5.396
  -3.728
  -3.398
  -6.322
  -6.821
  -6.298
  -6.947
  -5.399
  -5.504
  -3.160
  -4.600
  -5.783
  -6.494
  -3.566
  -3.937
  -6.596
  -6.220
  -5.306
  -5.395
  -4.525
  -4.173
  -4.556
  -4.330
  -6.171
  -4.585
  -5.416
  -4.750
  -5.528
  -4.331
  -5.794
  -4.218
  -6.799
  -5.852
  -5.195
  -5.681
  -3.953
  -5.740
  -5.189
  -4.093
  -4.290
  -5.501
  -4.689
  -6.318
  -5.546
  -5.137
  -4.701
  -4.065
  -3.390
  -4.119
  -5.205
  -4.680
  -4.539
  -5.332
  -3.792
  -5.532
  -4.602
  -3.686
  -4.513
  -4.946
  -5.708
  -4.812
  -5.302
  -5.686
  -4.831
  -4.335
  -5.599
  -3.908
  -3.198
  -5.273
  -6.830
  -6.148
  -6.142
  -5.172
  -3.735
  -5.252
  -5.739
  -4.023
  -6.878
  -4.643
  -6.657
  -4.836
  -3.690
  -5.327
  -5.006
  -6.418
  -5.252
  -5.694
  -4.456
  -3.505
  -6.254
  -3.526
  -6.437
  -4.780
  -3.587
  -3.888
  -2.573
  -4.482
  -5.728
  -4.321
  -5.566
  -6.108
  -4.516
  -5.271
  -3.592
  -3.806
  -4.815
  -4.955
  -6.066
  -3.529
  -4.268
  -3.902
  -2.722
  -3.330
  -3.908
  -3.991
  -5.295
  -3.389
  -5.415
  -5.022
  -2.543
  -3.829
  -4.616
  -4.566
  -5.841
  -5.719
  -5.863
  -5.205
  -4.043
  -5.519
  -3.391
  -5.591
  -5.603
  -3.831
  -5.867
  -4.995
  -4.722
  -4.924
  -4.441
  -5.439
  -6.226
  -5.213
  -5.840
  -5.378
  -4.925
  -5.903
  -4.862
  -6.666
  -4.946
  -4.630
  -4.245
  -4.513
  -4.413
  -7.242
  -5.791
  -3.351
  -3.052
  -4.243
  -3.961
  -5.055
  -4.716
  -4.814
  -3.417
  -3.589
  -6.569
  -5.533
  -4.545
  -4.511
  -5.055
  -5.614
  -4.800
  -6.601
  -6.231
  -6.064
  -6.593
  -6.389
  -6.477
  -3.060
  -6.358
  -5.179
  -4.626
  -5.747
  -4.235
  -3.430
  -5.679
  -6.298
  -4.321
  -5.604
  -4.639
  -6.390
  -5.242
  -3.973
  -5.245
  -4.122
  -4.181
  -6.518
  -5.741
  -6.943
  -4.666
  -4.801
  -6.179
  -3.820
  -5.284
  -6.066
  -2.999
  -4.908
  -3.363
  -5.025
  -6.086
  -4.113
  -5.520
  -4.528
  -3.395
  -4.482
  -5.576
  -7.511
  -7.330
  -4.554
  -5.173
  -6.322
  -7.363
  -5.629
  -7.343
  -4.320
  -6.036
  -6.885
  -4.734
  -6.318
  -4.020
  -4.663
  -6.072
  -6.500
  -4.436
  -4.650
  -5.063
  -6.293
  -3.888
  -4.610
  -5.363
  -5.133
  -4.496
  -4.734
  -2.632
  -5.824
  -4.618
  -4.387
  -5.763
  -6.297
  -4.565
  -2.956
  -6.724
  -5.241
  -5.552
  -5.909
  -5.875
  -6.686
  -7.002
  -4.500
  -4.555
  -7.187
  -4.271
  -5.496
  -5.382
  -3.474
  -6.354
  -3.753
  -5.588
  -4.528
  -2.863
  -5.210
  -4.516
  -5.838
  -4.331
  -6.498
  -3.422
  -4.272
  -5.508
  -4.680
  -5.733
  -5.891
  -4.846
  -7.010
  -4.720
  -4.748
  -3.578
  -5.794
  -4.620
  -3.552
  -6.078
  -3.468
  -4.988
  -5.301
  -6.141
  -3.720
  -4.926
  -5.363
  -4.712
  -3.949
  -3.693
  -3.530
  -4.295
  -5.113
  -4.258
  -4.291
  -6.168
  -4.982
  -4.897
  -2.816
  -6.286
  -5.491
  -3.334
  -6.351
  -4.738
  -4.517
  -6.259
  -4.781
  -5.363
  -5.315
  -5.120
  -5.186
  -4.615
  -5.392
  -5.425
  -5.882
  -4.448
  -7.168
  -5.011
  -4.398
  -3.605
  -3.027
  -4.003
  -5.005
  -6.323
  -5.622
  -4.453
  -5.808
  -5.147
  -3.290
  -3.420
  -4.444
  -3.511
  -3.045
  -6.143
  -4.516
  -4.980
  -5.006
  -4.750
  -6.660
  -5.321
  -4.714
  -5.824
  -4.747
  -4.810
  -4.528
  -5.420
  -3.357
  -4.021
  -5.974
  -4.351
  -6.887
  -6.172
  -5.276
  -5.665
  -4.594
  -4.750
  -6.368
  -4.768
  -3.906
  -6.396
  -4.413
  -5.131
  -4.769
  -5.939
  -4.401
  -5.116
  -5.485
  -4.288
  -5.913
  -3.983
  -5.112
  -3.234
  -4.630
  -4.931
  -6.209
  -5.779
  -4.237
  -4.100
  -4.822
  -6.052
  -6.562
  -5.513
  -6.477
  -4.841
  -3.454
  -4.342
  -4.769
  -3.161
  -4.776
  -5.690
  -5.278
  -3.062
  -6.638
  -3.486
  -5.167
  -4.971
  -5.694
  -6.083
  -4.402
  -5.468
  -6.779
  -5.652
  -4.846
  -4.626
  -4.145
  -3.804
  -4.001
  -4.625
  -3.752
  -4.996
  -4.622
  -5.968
  -5.607
  -3.860
  -6.860
  -6.063
  -5.994
  -5.905
  -5.042
  -4.025
  -4.671
  -4.357
  -3.078
  -4.102
  -5.535
  -2.934
  -4.960
  -4.653
  -3.999
  -4.328
  -4.510
  -2.743
  -3.494
  -5.532
  -4.956
  -6.282
  -4.449
  -6.767
  -6.005
  -5.141
  -5.534
  -4.899
  -5.076
  -4.420
  -2.924
  -6.382
  -5.921
  -4.748
  -3.997
  -5.285
  -5.666
  -3.641
  -4.874
  -5.531
  -6.115
  -5.378
  -5.551
  -5.261
  -4.369
  -5.093
  -4.476
  -5.020
  -5.772
  -6.666
  -6.770
  -7.175
  -5.358
  -4.476
  -5.300
  -3.910
  -5.084
  -4.522
  -4.560
  -4.074
  -5.508
  -3.562
  -4.426
  -5.019
  -5.128
  -4.722
  -3.153
  -4.042
  -4.984
  -3.965
  -3.467
  -6.340
  -4.933
  -5.983
  -5.304
  -3.485
  -4.683
  -4.277
  -3.942
  -6.209
  -4.230
  -5.139
  -5.602
  -4.594
  -3.170
  -6.106
  -5.027
  -4.961
  -3.552
  -4.501
  -3.965
  -4.834
  -4.031
  -5.239
  -5.956
  -6.589
  -4.543
  -5.203
  -4.483
  -6.944
  -3.768
  -4.292
  -4.517
  -7.152
  -6.349
  -4.484
  -4.734
  -6.211
  -4.596
  -4.291
  -5.058
  -6.018
  -5.838
  -5.337