  39.205
  42.041
  41.643
  38.859
  38.688
  40.871
  41.628
  39.904
  37.532
  41.196
  38.851
  39.078
  39.042
  40.482
  40.554
  40.783
  37.838
  40.904
  40.980
  38.434
  39.027
  40.973
  40.319
  38.463
  39.953
  38.784
  40.205
  42.501
  39.030
  38.041
  39.171
  41.644
  40.534
  39.356
  38.891
  39.497
  40.823
  40.570
  36.970
  42.436
  43.003
  38.943
  39.148
  41.036
  41.224
  40.071
  37.559
  40.276
  40.286
  38.889
  40.063
  40.793
  39.930
  40.333
  40.049
  38.959
  39.391
  40.576
  40.294
  40.189
  38.997
  38.924
  41.586
  39.094
  39.607
  39.111
  39.727
  40.539
  40.306
  40.745
  40.900
  37.823
  39.915
  43.173
  42.208
  37.267
  38.440
  39.239
  39.170
  38.698
  40.913
  39.064
  38.645
  42.911
  40.356
  36.622
  40.641
  40.369
  40.281
  40.024
  40.071
  39.200
  40.821
  40.389
  39.654
  41.443
  41.574
  38.489
  38.770
  40.540
  40.820
  39.360
  40.352
  40.438
  40.358
  38.578
  39.449
  40.406
  41.076
  39.797
  40.518
  38.560
  39.452
  41.964
  41.653
  39.918
  40.228
  39.549
  40.579
  41.289
  40.430
  40.060
  39.347
  40.519
  40.571
  40.938
  41.162
  38.524
  40.371
  40.527
  39.936
  38.363
  37.787
  40.439
  40.697
  39.052
  38.913
  40.740
  40.097
  40.875
  39.940
  39.290
  38.850
  39.230
  39.006
  38.485
  39.969
  39.495
  40.597
  41.500
  41.019
  38.120
  40.980
  39.737
  37.829
  40.942
  39.382
  40.719
  40.014
  41.236
  40.021
  39.218
  40.625
  41.849
  39.067
  38.432
  38.813
  41.068
  40.449
  42.197
  40.235
  38.606
  41.625
  40.591
  39.399
  38.995
  38.940
  40.736
  42.265
  39.929
  38.175
  39.813
  40.977
  38.833
  39.759
  40.768
  39.873
  38.818
  39.955
  39.452
  39.763
  41.167
  41.325
  40.059
  40.050
  40.121
  39.855
  40.078
  41.002
  40.913
  38.417
  40.919
  41.336
  38.765
  40.131
  39.757
  38.708
  41.154
  40.352
  39.582
  38.605
  40.101
  41.626
  39.116
  39.139
  40.815
  40.899
  39.479
  40.859
  40.096
  39.207
  37.465
  39.586
  41.514
  41.474
  39.076
  37.998
  42.492
  41.839
  40.156
  38.822
  38.279
  42.611
  41.267
  39.260
  38.994
  40.529
  41.941
  40.391
  38.339
  40.988
  40.509
  38.848
  37.294
  38.756
  41.302
  40.482
  40.226
  40.346
  38.065
  40.508
  39.822
  38.252
  40.608
  38.931
  38.826
  38.708
  41.171
  40.330
  38.765
  41.953
  41.998
  39.700
  38.725
  40.968
  41.472
  40.102
  37.579
  40.175
  42.111
  40.476
  39.628
  38.987
  38.738
  42.434
  39.667
  40.028
  39.567
  40.369
  38.568
  40.744
  41.130
  38.688
  38.361
  41.487
  40.753
  38.200
  39.674
  38.972
  41.409
  41.429
  40.201
  39.096
  41.656
  41.379
  38.236
  37.876
  39.994
  39.202
  40.095
  39.825
  39.614
  39.290
  38.736
  40.375
  41.749
  39.667
  39.388
  40.114
  39.477
  41.761
  40.027
  40.873
  40.297
  38.264
  38.715
  41.381
  42.256
  38.009
  39.354
  40.977
  40.537
  39.370
  37.775
  39.495
  39.832
  40.295
  39.200
  41.057
  39.175
  39.814
  40.024
  39.407
  40.094
  39.657
  38.994
  40.935
  41.829
  39.511
  39.785
  41.379
  39.609
  40.259
  38.946
  39.490
  39.874
  41.996
  40.367
  38.100
  39.859
  42.087
  38.487
  37.372
  42.012
  42.610
  39.319
  39.463
  41.267
  41.266
  41.093
  40.497
  39.249
  40.287
  39.723
  41.005
  40.867
  40.001
  40.782
  39.684
  40.742
  39.970
  39.376
  39.898
  39.455
  39.906
  38.404
  39.195
  40.520
  41.069
  40.409
  39.222
  40.268
  40.415
  38.796
  38.999
  41.677
  41.652
  37.786
  39.269
  40.562
  41.322
  38.959
  40.187
  40.203
  40.912
  39.745
  38.902
  39.529
  40.729
  39.426
  39.171
  39.944
  39.597
  38.269
  41.459
  39.842
  40.593
  38.701
  38.679
  40.282
  40.715
  40.474
  39.717
  39.486
  40.696
  39.662
  37.658
  39.628
  39.753
  39.098
  41.097
  40.867
  39.617
  38.488
  38.486
  39.860
  41.774
  41.274
  39.618
  39.271
  38.209
  39.651
  41.620
  39.706
  38.007
  39.831
  41.015
  40.315
  38.910
  40.565
  40.993
  40.935
  40.319
  40.989
  40.320
  37.939
  39.317
  42.079
  40.688
  38.230
  40.172
  40.933
  39.761
  40.319
  40.261
  38.515
  41.094
  42.340
  38.963
  37.950
  40.247
  41.269
  40.081
  40.054
  38.699
  41.145
  41.784
  38.730
  38.294
  39.181
  40.105
  39.931
  41.736
  39.719
  37.697
  40.281
  40.937
  39.890
  38.997
  40.494
  40.175
  40.690
  38.040
  41.346
  41.688
  38.351
  38.022
  41.512
  41.837
  39.377
  40.238
  40.422
  40.255
  40.329
  39.706
  39.710
  40.312
  39.335
  39.159
  40.194
  39.623
  40.221
  38.776
  40.349
  40.609
  38.807
  38.801
  40.346
  40.173
  39.657
  41.726
  41.910
  39.644
  39.221
  39.156
  40.182
  40.110
  40.485
  39.522
  38.562
  39.420
  39.756
  41.690
  41.567
  38.064
  38.881
  41.326
  42.576
  39.222
  39.637
  39.983
  41.922
  39.910
  40.258
  41.756
  40.083
  40.297
  39.897
  38.454
  38.994
  40.268
  40.039
  38.373
  41.532
  42.761
  38.597
  38.872
  40.888
  39.742
  38.581
  41.803
  40.576
  39.853
  38.159
  40.901
  40.957
  38.990
  40.132
  39.836
  39.956
  41.402
  41.479
  38.181
  40.355
  41.185
  41.150
  38.701
  41.429
  40.992
  39.740
  39.599
  40.763
  39.785
  39.122
  38.493
  41.785
  40.477
  38.615
  39.436
  41.320
  40.724
  37.711
  41.142
  40.562
  37.482
  39.010
  42.449
  40.652
  40.149
  39.582
  39.655
  40.869
  40.026
  39.073
  39.948
  41.570
  40.100
  39.557
  39.327
  38.917
  40.148
  40.190
  39.295
  41.210
  41.568
  38.768
  39.405
  40.735
  40.011
  38.849
  40.545
  39.083
  37.792
  39.856
  41.329
  39.778
  39.964
  40.381
  40.932
  39.006
  39.909
  38.696
  39.324
  40.452
  40.897
  38.652
  37.201
  39.946
  40.604
  39.096
  40.481
  39.323
  40.401
  40.891
  40.253
  39.504
  38.333
  41.415
  40.632
  40.372
  40.374
  41.819
  38.947
  38.321
  41.578
  40.744
  41.159
  39.597
  40.635
  41.241
  40.576
  38.878
  39.906
  39.451
  41.784
  39.734
  40.481
  39.725
  40.058
  40.418
  40.293
  41.432
  39.184
  38.440
  39.871
  40.543
  41.645
  40.559
  37.102
  40.009
  40.124
  40.636
  41.396
  41.212
  39.068
  39.828
  40.874
  41.691
  41.028
  39.923
  39.277
  37.584
  38.165
  40.883
  41.501
  41.023
  39.701
  39.063
  42.202
  39.833
  39.121
  40.716
  41.218
  38.674
  38.518
  39.969
  40.925
  40.098
  39.876
  39.748
  38.807
  40.157
  40.186
  41.894
  40.172
  39.786
  39.314
  40.628
  41.325
  40.291
  41.090
  40.246
  39.759
  39.957
  39.658
  39.165
  41.018
  40.120
  40.428
  40.227
  39.801
  40.278
  41.635
  40.325
  40.496
  38.706
  39.360
  38.500
  41.749
  40.820
  39.243
  40.571
  39.133
  40.441
  40.341
  38.397
  39.488
  41.466
  41.838
  39.661
  39.225
  41.324
  40.345
  37.488
  39.575
  41.683
  40.597
  39.643
  39.498
  39.766
  39.250
  40.054
  39.841
  39.583
  39.333
  40.595
  42.556
  38.388
  40.939
  40.121
  40.386
  40.823
  38.110
  40.050
  42.092
  38.838
  38.402
  42.458
  39.963
  38.746
  39.351
  39.928
  37.862
  41.162
  41.597
  39.300
  38.449
  40.059
  42.790
  38.956
  39.728
  40.755
  41.896
  37.916
  40.277
  42.764
  40.021
  36.992
  39.668
  41.450
  38.846
  38.965
  41.538
  41.563
  37.702
  39.320
  41.273
  41.953
  38.665
  40.608
  40.720
  38.868
  40.036
  41.070
  40.259
  38.930
  38.205
  40.742
  41.038
  40.587
  39.486
  37.399
  39.493
  42.341
  40.088
  38.852
  38.889
  40.853
  42.171
  39.071
  37.799
  38.606
  40.698
  39.483
  38.729
  40.149
  40.533
  38.003
  40.380
  39.695
  39.746
  40.086
  41.041
  40.837
  39.125
  39.674
  41.722
  41.397
  39.726
  39.590
  42.272
  40.719
  39.294
  39.257
  38.396
  40.242
  38.788
  39.927
  41.335
  40.481
  39.555
  39.041
  40.557
  40.596
  39.800
  41.116
  37.958
  37.316
  41.839
  40.508
  40.655
  39.923
  39.268
  40.741
  40.822
  39.517
  39.262
  39.775
  39.853
  40.254
  41.657
  40.342
  36.989
  38.873
  40.505
  40.858
  37.954
  40.815
  40.810
  39.548
  37.955
  40.216
  41.155
  40.989
  40.035
  39.882
  39.307
  39.701
  40.975
  39.945
  38.460
  39.750
  40.921
  39.997
  37.481
  38.783
  39.601
  41.725
  40.309
  40.359
  38.284
  40.341
  39.618
  42.369
  40.239
  39.641
  39.827
  41.114
  40.139
  39.001
  39.348
  40.147
  40.647
  38.466
  40.330
  40.321
  38.944
  38.518
  40.090
  41.647
  39.705
  38.707
  41.645
  39.641
  38.319
  41.567
  40.931
  38.603
  40.549
  41.224
  40.360
  38.408
  40.079
  39.419
  40.505
  41.169
  39.289
  38.990
  42.213
  41.179
  39.745
  41.769
  39.320
  37.572
  39.789
  43.622
  38.924
  38.698
  42.156
  40.465
  39.954
  39.789
  42.452
  40.874
  38.048
  38.168
  41.794
  39.833
  38.434
  40.183
  42.777
  38.501
  39.334
  41.835
  39.869
  37.960
  39.738
  40.123
  39.312
  39.672
  39.293
  39.406
  39.781
  40.883
  39.281
  40.276
  40.074
  40.805
  39.316
  39.558
  40.690
  41.347
  39.597
  39.430
  39.396
  41.013
  40.606
  38.312
  40.025
  40.988
  39.459
  39.398
  39.101
  40.697
  42.566
  40.549
  38.487
  38.812
  39.954
  41.026
  40.657
  39.678
  39.164
  38.243
  41.917
  40.666
  39.179
  37.911
  39.867
  40.050
  40.536
  40.620
  40.696
  38.613
  40.294
  39.654
  41.051
  38.848
  37.100
  42.241
  40.262
  37.577
  39.068
  40.447
  39.012
  37.824
  41.937
  40.879
  39.477
  40.173
  41.093
  40.434
  37.136
  40.048
  40.520
  40.698
  38.073
  39.290
  39.632
  41.804
  38.344
  39.176
  41.547
  39.381
  38.685
  40.814
  41.256
  39.188
  39.573
  41.051
  39.523
  39.301
  40.032
  39.355
  39.932
  41.303
  40.441
  39.006
  40.307
  40.867
  40.150
  39.498
  38.497
  39.559
  41.211
  38.906
  39.954
  39.863
  40.561
  41.415
  39.001
  38.859
  42.732
  40.053
  39.928
  39.937
  40.796
  39.927
  38.759
  40.110
  40.188
  40.843
  42.620
  38.040
  39.976
  40.354
  38.537
  38.255
  39.789
  38.416
  39.598
  42.622
  39.437
  37.874
  39.336
  43.017
  42.049
  39.122
  40.006
  40.641
  38.546
  40.796
  43.301
  39.109
  37.988
  42.360
  40.854
  38.586
  38.228
  40.870
  40.825
  40.520
  39.538
  41.997
  39.365
  37.645
  39.539
  40.625
  39.335
  38.576
  39.163
  40.324
  40.532
  38.497
  40.096
  38.495
  39.236
  41.010
  39.576
  39.066
  40.308
  40.147
  40.177
  40.008
  40.678
  39.820
  38.516
  39.140
  40.197
  42.696
  40.166
  39.237
  41.010
  41.396
  39.799
  38.827
  39.781
  40.134
  40.146
  42.543
  39.407
  39.549
  39.699
  40.127
  40.178
  38.677
  39.459
  40.413
  39.715
  39.741
  41.579
  38.137
  38.571
  41.018
  41.586
  40.284
  39.183
  39.931
  41.400
  39.826
  38.763
  39.017
  39.840
  39.870
  40.366
  40.772
  38.879
  39.070
  39.834
  38.926
  39.555
  41.600
  39.618
  38.465
  39.557
  40.746
  40.007
  39.689
  40.643
  38.893
  40.342
  41.482
  40.354
  39.369
  40.324
  38.876
  41.226
  42.279
  38.461
  38.714
  41.395
  40.735
  39.935
  39.573
  39.110
  40.312
  40.350
  40.420
  39.689
  39.449
  40.226
  40.538
  39.263
  40.060
  41.243
  41.558
  40.355
  40.157
  39.989
  38.751
  39.274
  38.643
  40.847
  40.539
  41.016
  41.166
  40.545
  39.131
  39.744
  38.680
  40.661
  39.704
  40.324
  40.524
  38.575
  39.615
  40.061
  42.529
  42.356
  37.761
  39.573
  40.849
  39.585
  39.140
  40.948
  39.683
  38.484
  38.964
  39.602
  41.093
  42.196
  39.682
  39.398
  40.149
  39.468
  41.996
  38.949
  37.942
  40.196
  41.374
  40.516
  39.657
  39.246
  40.347
  41.602
  40.088
  40.544
  40.850
  39.290
  39.970
  38.261
  39.979
  41.015
  39.386
  40.244
  39.129
  40.411
  40.718
  40.096
  40.988
  40.560
  39.780
  40.652
  40.571
  38.882
  39.712
  40.248
  39.489
  39.151
  41.941
  40.297
  38.630
  39.314
  40.072
  38.924
  39.703
  42.521
  39.949
  38.993
  41.025
  40.516
  40.471
  38.171
  38.596
  40.373
  41.576
  40.107
  38.006
  40.305
  39.488
  38.916
  40.921
  40.381
  37.825
  37.255
  41.935
  41.944
  40.048
  37.982
  40.824
  41.013
  38.775
  39.823
  40.653
  38.631
  41.302
  40.756
  39.742
  39.233
  40.343
  41.667
  40.388
  39.874
  39.592
  38.992
  40.268
  39.879
  39.904
  40.550
  39.274
  40.983
  39.557
  39.429
  38.591
  40.984
  40.026
  38.731
  39.549
  42.075
  42.492
  37.889
  38.108
  41.908
  38.623
  38.771
  42.088
  41.471
  38.953
  40.021
  41.470
  40.782
  38.602
  39.548
  42.128
  39.224
  38.280
  40.511
  40.205
  39.449
  40.891
  40.467
  39.599
  38.691
  39.512
  39.233
  40.733
  37.783
  39.447
  40.661
  40.113
  40.449
  39.768
  40.283
  39.520
  40.347
  40.345
  40.056
  39.543
  39.900
  38.904
  37.969
  41.442
  41.080
  39.246
  40.829
  41.882
  38.826
  38.709
  40.383
  41.928
  38.724
  38.110
  39.544
  40.579
  41.518
  37.663
  40.251
  41.271
  38.551
  40.424
  39.991
  39.543
  41.814
  40.924
  39.715
  39.165
  40.404
  39.680
  40.083
  40.112
  40.318
  38.668
  38.828
  40.273
  39.001
  40.160
  39.500
  41.046
  39.546
  37.097
  38.981
  40.494
  41.159
  38.579
  37.915
  39.856
  41.695
  39.838
  38.946
  39.131
  40.624
  40.106
  40.836
  40.006
  39.996
  39.270
  38.798
  38.617
  38.905
  41.312
  41.629
  40.109
  38.581
  39.496
  40.517
  40.867
  40.149
  39.262
  40.085
  40.409
  40.721
  38.651
  39.848
  39.518
  41.132
  41.855
  38.176
  39.620
  41.385
  40.662
  37.144
  38.794
  39.939
  40.479
  38.135
  41.316
  42.764
  39.637
  38.697
  38.750
  40.125
  38.679
  40.565
  40.504
  38.800
  39.803
  40.940
  41.168
  39.090
  40.227
  40.637
  39.819
  39.104
  40.830
  37.944
  41.407
  40.851
  40.222
  37.955
  39.428
  41.168
  41.732
  40.577
  39.766
  40.718
  40.303
  38.754
  40.917
  39.930
  38.433
  38.723
  39.827
  40.305
  39.662
  39.272
  39.743
  41.037
  41.002
  40.452
  41.668
  41.641
  38.151
  39.339
  40.161
  40.835
  40.597
  40.425
  41.000
  39.698
  38.982
  38.852
  42.167
  40.903
  38.744
  39.107
  39.939
  40.111
  39.641
  38.743
  39.694
  41.252
  41.548
  37.634
  38.125
  39.705
  39.353
  40.672
  41.476
  38.660
  41.172
  41.860
  38.824
  36.600
  40.087
  42.892
  39.018
  37.756
  40.345
  40.953
  39.153
  38.566
  41.365
  42.371
  40.531
  39.282
  39.201
  42.044
  40.620
  39.771
  39.112
  40.971
  40.876
  37.949
  39.238
  43.511
  39.247
  38.325
  41.617
  41.719
  40.855
  39.428
  38.283
  41.471
  41.985
  39.992
  38.339
  40.187
  38.309
  40.775
  41.069
  39.401
  38.318
  39.119
  38.892
  41.027
  42.483
  40.795
  39.971
  39.564
  41.401
  40.608
  38.229
  39.808
  39.659
  39.980
  41.133
  40.644
  39.431
  41.365
  39.770
  40.161
  38.896
  39.393
  41.879
  40.166
  36.930
  37.381
  42.874
  41.419
  39.799
  40.462
  41.747
  38.749
  38.491
  40.424
  38.645
  38.311
  40.198
  41.044
  38.819
  40.578
  40.992
  38.708
  39.246
  41.229
  38.366
  39.496
  39.924
  40.781
  38.791
  40.236
  41.117
  37.993
  40.455
  41.315
  41.911
  39.112
  37.557
  42.320
  41.687
  37.861
  37.771
  39.601
  38.944
  39.402
  40.209
  40.226
  40.467
  41.295
  40.724
  41.213
  39.904
  39.215
  40.455
  41.836
  39.594
  36.876
  40.898
  41.806
  39.059
  38.271
  40.568
  42.786
  38.877
  38.355
  40.006
  38.995
  38.313
  40.814
  39.851
  39.436
  39.204
  39.360
  40.840
  40.891
  39.984
  38.151
  38.541
  41.095
  42.041
  40.021
  39.913
  39.209
  39.727
  39.257
  38.367
  40.680
  39.197
  39.199
  40.126
  41.852
  41.023
  38.471
  40.113
  40.598
  40.442
  38.971
  39.339
  39.902
  40.709
  39.648
  39.443
  38.485
  41.802
  40.878
  40.020
  39.017
  40.568
  39.486
  40.175
  38.383
  39.882
  39.672
  39.429
  41.219
  38.521
  40.137
  40.203
  40.835
  40.520
  41.823
  40.337
  37.641
  41.322
  38.778
  38.845
  38.825
  40.820
  38.460
  39.176
  40.673
  38.465
  40.489
  39.595
  38.379
  40.955
  40.344
  39.766
  41.869
  40.805
  40.606
  38.871
  39.041
  39.568
  41.537
  39.964
  37.697
  40.120
  40.194
  39.946
  41.227
  40.451
  39.378
  40.186
  38.339
  39.275
  42.648
  38.685
  36.734
  39.311
  40.794
  40.129
  40.457
  40.318
  40.191
  39.599
  40.920
  41.105
  41.427
  39.760
  39.502
  38.483
  40.903
  39.751
  37.549
  39.912
  40.388
  41.357
  39.187
  39.576
  39.200
  40.391
  40.744
  38.054
  39.249
  41.938
  39.975
  38.744
  40.519
  39.508
  39.406
  39.986
  40.841
  40.778
  39.040
  40.780
  40.050
  39.732
  39.468
  37.392
  41.636
  42.058
  38.186
  38.627
  40.009
  40.458
  40.428
  41.678
  38.787
  39.621
  40.848
  39.696
  39.559
  41.511
  41.198
  38.488
  40.210
  40.854
  38.206
  39.559
  42.586
  40.282
  39.244
  40.306
  38.631
  40.991
  38.510
  40.817
  39.486
  39.574
  39.985
  41.074
  40.672
  39.072
  39.590
  40.501
  40.970
  38.105
  39.752
  40.575
  40.448
  41.345
  39.155
  39.328
  40.688
  39.304
  39.534
  38.941
  41.415
  42.261
  40.386
  38.444
  39.670
  39.689
  42.124
  40.409
  38.303
  40.955
  40.411
  40.815
  40.922
  40.054
  41.075
  39.563
  39.805
  39.436
  40.746
  41.195
  40.077
  41.146
  40.420
  41.483
  39.062
  39.971
  40.947
  39.123
  39.324
  38.792
  39.985
  41.607
  42.465
  37.833
  39.969
  42.178
  37.438
  37.739
  41.292
  43.166
  39.882
  37.521
  39.035
  40.489
  40.022
  40.685
  39.606
  37.809
  40.441
  41.125
  38.921
  39.117
  42.233
  39.191
  38.519
  39.973
  42.411
  39.379
  37.795
  38.533
  42.065
  41.529
  40.238
  38.626
  39.120
  39.614
  41.529
  39.166
  39.925
  39.737
  38.991
  40.371
  40.748
  39.800
  38.979
  40.650
  38.496
  38.579
  40.250
  38.556
  39.032
  40.855
  39.821
  40.439
  40.968
  38.569
  38.766
  40.260
  40.406
  40.610
  40.620
  38.097
  41.158
  42.048
  39.391
  39.837
  40.425
  39.160
  40.184
  41.710
  41.666
  38.424
  40.498
  41.504
  40.651
  38.295
  39.907
  39.327
  38.744
  39.101
  41.120
  40.104
  39.506
  39.890
  40.384
  39.763
  41.854
  39.426
  38.896
  38.348
  40.194
  41.770
  38.824
  38.910
  40.562
  41.443
  40.530
  38.633
  38.733
  40.592
  39.934
  39.461
  39.766
  39.153
  40.698
  39.824
  39.451
  39.236
  40.101
  41.521
  39.468
  40.247
  40.380
  39.121
  41.866
  41.370
  39.209
  37.959
  40.816
  40.006
  38.737
  38.462
  40.041
  40.486
  39.002
  40.244
  41.076
  42.155
  40.436
  38.757
  38.406
  41.237
  40.292
  40.391
  40.137
  39.806
  39.309
  41.242
  40.711
  39.362
  36.996
  39.523
  41.742
  41.191
  39.769
  39.388
  39.442
  41.169
  41.069
  37.756
  39.298
  40.474
  41.658
  38.487
  38.313
  41.513
  40.682
  40.621
  40.296
  38.960
  41.263
  42.651
  39.630
  39.413
  41.057
  40.785
  37.933
  39.469
  42.247
  40.243
  39.247
  40.388
  39.773
  39.451
  42.733
  40.294
  40.118
  39.230
  40.868
  41.820
  38.913
  39.286
  41.633
  39.654
  41.028
  38.979
  39.761
  39.617
  39.401
  38.287
  42.469
  40.672
  40.430
  37.782
  39.274
  42.398
  41.435
  39.763
  38.296
  41.538
  40.781
  39.076
  39.302
  40.267
  41.430
  40.716
  39.607
  39.466
  38.971
  40.851
  40.264
  38.900
  39.641
  39.205
  40.850
  39.958
  37.769
  38.752
  40.278
  39.883
  40.038
  38.787
  40.065
  40.262
  42.066
  40.498
  38.520
  41.036
  41.132
  37.692
  39.666
  40.188
  39.491
  38.848
  38.163
  40.803
  39.146
  41.554
  40.572
  40.045
  41.277
  40.237
  38.979
  38.714
  40.287
  40.225
  39.391
  40.775
  39.260
  37.885
  41.493
  41.539
  37.839
  39.579
  40.095
  40.167
  39.851
  40.667
  40.281
  39.680
  40.510
  39.737
  40.350
  41.458
  40.411
  39.108
  39.667
  38.758
  40.298
  42.351
  39.955
  40.301
  41.459
  40.280
  39.381
  39.868
  41.528
  40.140
  40.149
  41.907
  38.590
  39.848
  40.688
  38.895
  40.387
  41.763
  39.248
  40.463
  40.264
  40.241
  41.597
  40.015
  38.775
  39.050
  40.823
  41.466
  40.689
  38.649
  40.574
  40.076
  39.601
  40.319
  39.844
  40.265
  40.835
  41.461
  39.871
  38.395
  37.998
  41.276
  39.996
  39.513
  40.087
  38.975
  40.679
  39.602
  39.901
  40.300
  41.161
  39.008
  39.515
  41.789
  40.063
  37.373
  41.586
  41.965
  40.906
  39.963
  39.870
  41.409
  39.848
  39.516
  38.703
  39.973
  41.580
  40.175
  39.514
  40.561
  40.127
  41.120
  39.398
  40.792
  41.437
  39.283
  39.500
  39.969
  40.339
  39.762
  40.548
  41.337
  39.207
  40.418
  39.245
  40.417
  39.997
  40.386
  42.589
  37.068
  36.672
  40.735
  43.211
  40.341
  38.400
  40.863
  39.180
  40.815
  40.792
  39.968
  38.701
  41.102
  40.776
  39.160
  38.798
  39.633
  39.989
  39.544
  40.928
  39.884
  39.297
  39.441
  40.144
  39.955
  39.694
  39.852
  39.146
  39.716
  39.265
  41.002
  38.798
  37.286
  40.424
  41.613
  41.212
  39.596
  40.860
  40.735
  39.493
  39.711
  40.588
  41.928
  39.904
  39.800
  39.780
  39.699
  39.594
  38.497
  40.326
  41.495
  39.438
  38.627
  39.527
  41.666
  40.314
  38.095
  40.849
  41.164
  40.774
  39.272
  40.385
  39.387
  41.695
  41.088
  40.796
  40.886
  41.355
  39.803
  37.634
  40.735
  42.180
  39.983
  38.958
  39.794
  40.588
  40.978
  38.848
  39.715
  40.521
  41.222
  40.203
  40.327
  39.208
  42.303
  40.659
  39.229
  40.643
  39.996
  39.158
  39.592
  42.030
  39.878
  37.970
  39.920
  41.787
  39.839
  38.651
  40.595
  40.410
  38.394
  41.252
  40.193
  39.607
  39.960
  40.012
  39.953
  41.745
  39.082
  39.029
  39.540
  39.992
  39.373
  40.549
  39.790
  38.979
  38.792
  40.282
  41.519
  39.652
  39.378
  38.749
  41.442
  39.832
  40.262
  39.913
  39.507
  39.975
  40.494
  39.911
  39.497
  40.024
  39.032
  39.285
  42.343
  40.890
  41.284
  39.655
  38.599
  40.814
  40.112
  40.283
  39.655
  41.210
  40.308
  39.360
  37.648
  40.964
  41.067
  40.096
  39.146
  37.874
  40.956
  42.136
  39.170
  39.357
  40.580
  41.252
  39.034
  37.584
  39.798
  40.644
  40.493
  39.180
  41.093
  41.403
  39.820
  38.843
  39.440
  39.951
  39.572
  40.868
  38.833
  41.107
  40.855
  37.858
  39.637
  39.780
  38.737
  39.492
  41.022
  40.464
  39.417
  39.292
  40.257
  39.077
  41.074
  41.284
  40.628
  38.408
  39.422
  39.490
  40.229
  39.571
  40.438
  40.499
  41.168
  39.694
  39.510
  40.754
  40.269
  39.716
  39.788
  41.784
  39.319
  39.155
  39.895
  41.570
  38.555
  40.103
  41.000
  41.138
  40.403
  38.443
  39.501
  39.574
  40.091
  40.703
  39.690
  39.645
  40.314
  40.291
  41.183
  40.259
  41.608
  41.656
  41.465
  38.628
  38.696
  40.513
  40.536
  39.901
  40.282
  38.715
  39.834
  41.250
  40.820
  40.158
  39.829
  39.008
  38.259
  40.325
  40.491
  38.958
  38.584
  40.638
  41.242
  41.679
  37.869
  37.330
  41.189
  41.797
  39.331
  37.136
  39.471
  41.212
  39.885
  37.798
  39.847
  42.243
  42.637
  39.605
  39.164
  39.659
  40.423
  40.276
  40.544
  39.216
  40.371
  40.068
  40.488
  39.529
  39.251
  40.444
  38.551
  40.161
  38.170
  38.999
  41.181
  41.106
  39.585
  38.692
  39.476
  40.906
  41.344
  38.889
  38.951
  39.509
  40.444
  38.939
  38.794
  39.615
  39.991
  40.326
  40.071
  39.305
  40.056
  39.706
  39.788
  38.317
  39.386
  41.942
  40.698
  39.496
  40.700
  41.982
  41.818
  38.954
  38.967
  39.396
  41.487
  41.834
  38.575
  39.611
  39.513
  40.495
  42.220
  37.825
  39.454
  40.776
  40.174
  41.371
  41.352
  37.549
  39.191
  42.946
  39.040
  39.321
  38.936
  41.530
  39.306
  40.424
  40.274
  40.783
  40.448
  37.385
  41.541
  41.621
  36.984
  37.678
  41.812
  40.544
  39.301
  40.369
  41.018
  39.117
  38.805
  39.533
  42.875
  40.128
  38.960
  41.627
  39.712
  39.559
  39.673
  41.347
  40.735
  40.031
  40.539
  40.727
  40.078
  37.855
  42.206
  40.600
  38.948
  40.014
  40.026
  39.358
  39.156
  40.817
  40.632
  39.754
  42.056
  39.340
  39.162
  40.530
  41.213
  40.816
  39.214
  40.207
  41.390
  41.150
  40.113
  40.218
  40.748
  40.640
  39.270
  40.047
  40.046
  42.263
  40.551
  40.186
  39.399
  41.846
  39.775
  37.452
  40.155
  41.497
  39.932
  39.793
  41.457
  37.717
  40.704
  40.500
  41.163
  38.099
  41.859
  40.502
  39.321
  41.086
  39.918
  38.307
  40.049
  39.708
  38.913
  40.325
  39.817
  41.246
  40.477
  39.312
  39.180
  40.577
  40.811
  38.141
  41.601
  40.682
  38.970
  38.104
  40.962
  41.191
  40.407
  37.537
  40.464
  41.409
  40.740
  39.347
  38.649
  40.267
  40.272
  39.659
  39.732
  38.467
  39.288
  41.991
  40.938
  38.151
  38.489
  42.445
  38.287
  38.912
  42.774
  40.425
  38.032
  40.288
  42.593
  40.352
  38.542
  39.721
  40.601
  39.231
  42.626
  39.928
  39.162
  41.030
  39.860
  38.573
  39.104
  41.392
  39.230
  38.075
  40.048
  41.647
  39.843
  40.131
  41.171
  39.423
  39.864
  39.363
  40.916
  39.678
  40.518
  40.941
  40.280
  40.470
  38.835
  38.765
  41.191
  40.821
  40.118
  39.887
  39.409
  39.581
  39.560
  42.599
  41.492
  38.427
  40.360
  39.397
  37.740
  40.299
  40.917
  40.591
  37.585
  38.753
  41.761
  41.869
  40.266
  39.803
  39.725
  39.170
  41.710
  39.819
  40.171
  39.607
  39.931
  41.295
  38.569
  39.123
  40.924
  39.504
  39.520
  39.979
  40.599
  39.389
  39.515
  39.938
  42.089
  40.058
  39.204
  39.620
  38.974
  40.247
  41.601
  38.920
  38.583
  39.131
  40.060
  39.963
  38.534
  39.193
  40.795
  39.814
  41.809
  41.417
  39.762
  37.803
  40.534
  41.505
  40.330
  41.228
  40.500
  39.428
  40.871
  40.654
  39.080
  38.805
  41.165
  40.769
  39.894
  38.684
  40.825
  40.012
  38.730
  39.366
  41.673
  40.612
  37.962
  40.608
  39.956
  38.142
  39.094
  42.971
  39.158
  38.500
  41.069
  40.399
  38.739
  41.038
  39.794
  38.043
  40.507
  39.940
  39.948
  39.024
  40.520
  40.389
  38.949
  40.949
  40.174
  40.352
  39.673
  38.800
  41.167
  40.714
  38.659
  40.358
  39.563
  40.195
  39.480
  38.680
  40.624
  42.620
  39.066
  39.836
  41.960
  41.364
  40.428
  38.595
  39.338
  40.929
  40.395
  38.137
  39.893
  40.286
  40.050
  41.376
  39.263
  39.657
  40.838
  39.038
  39.614
  40.010
  39.274
  41.555
  39.362
  39.549
  37.523
  41.367
  42.094
  39.174
  38.862
  41.721
  40.000
  37.910
  40.363
  42.768
  40.144
  38.192
  39.472
  39.224
  40.577
  39.087
  38.897
  40.741
  39.467
  40.867
  39.797
  39.055
  40.238
  41.097
  39.854
  40.521
  41.292
  39.055
  38.534
  40.101
  42.537
  39.349
  38.538
  39.635
  40.462
  39.919
  39.016
  38.670
  41.322
  41.716
  39.595
  39.307
  39.107
  40.382
  40.385
  39.324
  40.526
  39.797
  41.289
  41.345
  38.673
  39.930
  40.362
  39.906
  41.494
  40.245
  41.708
  41.843
  37.883
  39.794
  40.979
  41.675
  39.558
  39.526
  38.648
  41.303
  38.776
  38.212
  40.096
  40.994
  38.840
  38.554
  40.877
  42.210
  39.017
  38.887
  40.664
  38.978
  37.788
  40.255
  41.458
  38.371
  40.943
  39.942
  40.289
  40.307
  41.139
  39.383
  36.765
  41.009
  43.259
  40.276
  36.579
  39.216
  42.365
  39.185
  39.024
  41.867
  41.824
  38.092
  38.710
  41.154
  40.799
  39.435
  40.062
  40.952
  40.390
  38.342
  39.705
  39.618
  39.436
  38.607
  39.665
  41.143
  40.737
  38.710
  39.221
  40.727
  39.990
  38.235
  41.901
  40.973
  38.830
  39.487
  41.182
  38.636
  40.855
  38.791
  38.830
  39.996
  41.072
  40.948
  39.653
  37.901
  40.430
  41.966
  38.220
  38.413
  38.644
  42.729
  42.640
  39.266
  36.960
  40.599
  40.686
  41.172
  39.653
  41.347
  38.815
  39.722
  40.947
  41.697
  40.489
  37.499
  40.724
  42.314
  39.320
  36.760
  41.426
  41.548
  38.211
  37.728
  40.792
  40.337
  40.836
  39.407
  38.817
  40.990
  42.365
  39.280
  38.578
  39.977
  41.968
  42.140
  38.894
  39.872
  39.886
  39.891
  40.244
  40.246
  39.797
  39.716
  39.819
  40.798
  41.145
  38.807
  41.422
  40.734
  40.028
  38.908
  40.352
  39.582
  37.367
  40.530
  39.319
  40.237
  38.713
  39.299
  39.328
  38.633
  42.246
  41.000
  38.258
  39.166
  40.175
  39.318
  40.515
  40.131
  40.072
  39.526
  40.557
  40.785
  39.610
  38.578
  42.570
  40.175
  37.674
  40.758
  38.855
  39.575
  41.738
  40.013
  39.859
  39.839
  39.405
  41.131
  40.444
  39.462
  39.135
  38.880
  42.534
  39.938
  38.112
  39.436
  39.433
  39.190
  41.258
  42.788
  39.366
  38.220
  40.813
  40.304
  40.094
  39.436
  40.269
  41.485
  40.830
  39.290
  41.284
  39.894
  37.522
  39.541
  40.511
  40.252
  41.867
  41.327
  37.917
  40.012
  41.307
  40.296
  38.681
  38.229
  41.995
  39.104
  39.448
  40.003
  38.994
  39.275
  40.358
  41.162
  39.329
  39.458
  42.127
  39.894
  40.582
  39.572
  40.300
  40.993
  38.458
  39.478
  40.598
  42.937
  40.883
  38.463
  38.797
  41.502
  42.172
  38.751
  39.635
  42.680
  41.444
  38.263
  39.404
  41.670
  41.628
  38.893
  39.530
  40.165
  38.208
  40.512
  40.288
  39.554
  38.221
  38.875
  41.746
  40.585
  39.261
  39.328
  40.321
  38.954
  40.876
  42.043
  39.809
  37.660
  39.813
  41.498
  40.599
  38.766
  38.957
  41.961
  39.448
  41.408
  38.895
  40.607
  40.530
  40.075
  39.984
  39.655
  39.398
  40.275
  41.199
  41.289
  38.358
  40.138
  39.546
  41.031
  39.993
  39.453
  39.036
  41.065
  41.608
  40.512
  39.941
  37.688
  39.188
  40.227
  39.153
  40.269
  41.300
  39.147
  39.658
  40.731
  41.146
  39.225
  38.697
  41.847
  40.368
  39.783
  39.587
  40.588
  40.068
  39.362
  39.811
  40.561
  39.801
  38.216
  40.811
  39.008
  38.400
  42.364
  39.155
  40.155
  40.503
  40.564
  41.014
  40.003
  40.263
  39.100
  41.385
  40.374
  38.440
  39.322
  41.376
  40.677
  38.477
  39.372
  41.656
  39.479
  37.683
  39.436
  42.077
  38.672
  37.047
  39.952
  41.837
  40.218
  39.111
  38.588
  38.137
  40.421
  39.934
  39.722
  41.158
  40.725
  39.552
  39.789
  40.889
  39.994
  41.455
  39.523
  39.081
  41.363
  41.433
  38.307
  40.073
  41.348
  40.754
  39.548
  38.891
  39.006
  40.254
  42.195
  40.236
  38.130
  41.655
  41.589
  37.808
  38.881
  41.723
  41.661
  39.566
  39.647
  41.003
  41.499
  39.834
  40.395
  39.979
  40.987
  40.891
  39.190
  39.867
  41.581
  41.517
  37.428
  38.125
  42.180
  41.507
  39.522
  40.250
  40.285
  39.545
  39.090
  40.510
  38.251
  40.470
  40.676
  38.779
  40.157
  40.563
  41.214
  40.709
  39.076
  42.031
  40.114
  38.771
  39.145
  40.631
  40.998
  39.385
  38.997
  40.478
  39.931
  38.550
  40.861
  40.120
  40.229
  38.338
  40.951
  40.523
  40.686
  41.469
  40.682
  38.036
  38.964
  41.595
  40.964
  38.294
  39.302
  41.894
  39.832
  38.251
  40.834
  40.546
  38.618
  40.994
  41.445
  38.782
  39.174
  41.543
  39.625
  38.700
  40.673
  41.093
  38.527
  39.354
  40.500
  41.184
  38.237
  38.915
  40.402
  39.497
  39.719
  40.735
  39.756
  38.097
  40.975
  40.476
  39.766
  39.254
  41.244
  39.753
  38.892
  40.689
  41.387
  39.303
  40.241
  40.548
  40.223
  39.075
  38.224
  39.732
  39.148
  39.945
  40.665
  41.213
  38.965
  39.895
  40.623
  38.863
  40.466
  42.242
  40.621
  38.476
  39.476
  40.655
  39.536
  40.092
  39.511
  38.961
  40.191
  41.895
  40.358
  39.137
  37.530
  41.661
  41.023
  39.743
  38.703
  39.968
  41.717
  41.100
  40.233
  39.592
  40.580
  40.456
  38.437
  40.727
  40.016
  40.547
  40.697
  39.636
  41.837
  41.557
  38.495
  40.869
  41.114
  39.587
  38.213
  39.538
  40.119
  41.158
  40.522
  39.696
  37.897
  39.811
  40.252
  40.221
  41.034
  39.466
  39.340
  40.414
  39.913
  41.393
  40.247
  40.374
  40.641
  39.197
  40.059
  39.835
  38.848
  40.454
  38.522
  39.768
  40.709
  39.459
  38.466
  39.427
  40.542
  41.511
  40.679
  37.746
  37.436
  40.281
  40.137
  39.637
  40.110
  39.494
  41.106
  41.289
  38.917
  40.664
  41.425
  38.634
  39.720
  40.075
  39.875
  38.244
  38.211
  41.245
  39.677
  37.969
  40.467
  39.260
  38.829
  40.304
  40.801
  40.333
  40.018
  40.690
  38.186
  39.187
  43.310
  40.111
  38.525
  41.426
  40.475
  40.649
  39.650
  40.274
  39.471
  38.933
  40.130
  39.867
  41.718
  40.037
  38.968
  38.290
  40.390
  40.284
  39.618
  38.868
  39.702
  42.155
  39.658
  40.095
  37.746
  39.782
  41.472
  41.200
  38.060
  40.755
  40.429
  40.845
  38.362
  39.140
  41.523
  41.380
  37.269
  39.962
  41.795
  41.278
  38.151
  38.487
  40.409
  39.819
  39.102
  38.444
  38.639
  39.893
  40.933
  39.404
  41.236
  39.477
  38.187
  40.873
  41.591
  37.762
  37.808
  39.808
  42.816
  41.406
  40.229
  40.986
  39.888
  38.556
  40.541
  40.087
  40.634
  39.282
  40.656
  40.340
  39.997
  41.862
  38.521
  40.026
  38.987
  38.379
  40.029
  41.291
  39.938
  40.725
  41.174
  39.945
  38.547
  39.548
  40.476
  40.591
  40.167
  41.350
  38.912
  39.613
  39.786
  40.119
  41.476
  40.705
  37.946
  40.506
  41.093
  40.753
  38.974
  40.131
  41.210
  40.494
  39.598
  38.293
  38.719
  42.185
  40.219
  37.902
  41.126
  40.090
  38.394
  41.816
  42.965
  39.210
  38.279
  42.534
  39.411
  37.379
  41.456
  41.363
  39.464
  40.082
  40.167
  41.447
  39.992
  40.249
  39.402
  39.292
  39.280
  40.834
  42.273
  38.944
  38.230
  39.488
  38.636
  39.795
  41.286
  39.553
  41.509
  39.563
  40.086
  41.249
  39.440
  39.630
  40.596
  37.692
  39.094
  42.979
  39.387
  37.909
  40.961
  41.463
  37.809
  39.791
  42.273
  40.328
  38.327
  40.623
  40.582
  39.433
  39.749
  38.789
  39.153
  41.627
  39.330
  39.508
  40.479
  42.492
  39.667
  38.444
  40.245
  40.350
  38.313
  40.260
  40.687
  41.649
  40.531
  39.085
  37.505
  40.068
  41.975
  39.332
  39.341
  40.000
  42.215
  39.552
  36.136
  40.651
  41.166
  39.887
  38.856
  39.483
  39.117
  41.359
  38.990
  41.114
  41.055
  39.444
  39.550
  41.417
  39.703
  40.280
  39.789
  39.008
  39.942
  39.365
  40.506
  41.442
  39.928
  39.116
  41.593
  39.076
  39.359
  40.738
  39.750
  40.188
  42.016
  42.039
  39.766
  37.632
  40.433
  40.017
  42.028
  41.120
  39.207
  39.349
  40.624
  39.034
  38.429
  40.124
  42.272
  39.532
  39.609
  40.396
  41.450
  39.726
  38.854
  40.801
  41.758
  40.875
  38.265
  40.438
  41.080
  40.213
  40.632
  40.758
  40.494
  39.753
  39.129
  41.231
  41.966
  39.543
  38.413
  39.830
  38.986
  40.696
  40.153
  40.844
  41.120
  39.127
  41.240
  40.859
  39.134
  39.323
  41.635
  39.845
  39.451
  38.839
  40.083
  38.867
  39.339
  41.190
  41.977
  40.573
  37.576
  40.029
  40.854
  41.708
  39.241
  38.176
  41.423
  41.685
  39.156
  38.889
  41.488
  40.419
  40.495
  40.920
  40.046
  41.162
  40.012
  39.782
  40.764
  41.005
  39.759
  39.613
  41.669
  40.204
  38.089
  38.411
  41.284
  41.742
  39.844
  38.588
  39.640
  41.692
  38.482
  39.311
  39.957
  39.142
  41.486
  40.940
  38.195
  39.646
  41.916
  38.438
  39.979
  40.226
  40.087
  40.545
  38.732
  39.583
  38.797
  39.914
  40.328
  40.828
  41.544
  40.445
  38.281
  39.626
  42.076
  40.764
  38.859
  38.363
  40.515
  40.867
  38.566
  38.079
  41.880
  40.095
  39.957
  41.381
  39.768
  41.647
  41.299
  39.973
  40.755
  41.059
  40.270
  38.315
  40.626
  41.760
  39.927
  38.698
  40.860
  40.250
  37.951
  41.473
  39.762
  37.142
  40.730
  41.011
  39.601
  39.087
  38.885
  39.745
  41.064
  41.955
  38.765
  38.382
  40.111
  41.761
  39.329
  39.955
  41.384
  40.858
  39.527
  39.645
  40.902
  38.967
  40.612
  40.632
  39.656
  39.966
  41.885
  41.066
  37.525
  41.398
  40.578
  39.217
  37.989
  39.761
  39.746
  38.976
  38.696
  42.121
  40.631
  38.322
  39.796
  39.327
  40.369
  39.793
  38.870
  37.966
  39.517
  40.153
  39.655
  38.842
  39.099
  40.242
  41.203
  39.824
  38.046
  40.616
  40.959
  39.391
  38.611
  39.384
  40.479
  39.707
  37.648
  39.119
  41.633
  41.321
  37.647
  38.677
  39.343
  41.037
  40.019
  40.812
  41.186
  37.881
  38.756
  41.088
  40.149
  40.443
  39.094
  38.895
  40.275
  38.872
  38.225
  41.645
  40.757
  40.534
  40.059
  39.064
  41.544
  41.588
  37.637
  39.775
  41.139
  37.955
  38.837
  41.060
  39.066
  39.335
  40.530
  39.268
  40.072
  39.343
  39.267
  40.702
  39.076
  38.472
  40.407
  40.788
  41.389
  38.523
  38.689
  40.966
  41.961
  37.231
  37.964
  40.583
  41.107
  38.484
  39.996
  41.018
  41.014
  40.989
  41.484
  39.892
  38.920
  39.599
  40.437
  39.561
  39.112
  41.529
  42.372
  40.990
  39.132
  39.794
  40.981
  42.064
  38.963
  38.592
  39.723
  40.164
  41.175
  40.343
  39.870
  38.198
  38.324
  40.357
  39.206
  39.715
  41.596
  40.114
  37.579
  40.808
  40.252
  37.881
  39.807
  42.172
  40.951
  38.383
  38.390
  41.928
  39.987
  38.365
  41.037
  40.297
  39.754
  40.273
  39.851
  40.295
  41.553
  40.598
  40.937
  38.399
  38.316
  41.265
  40.515
  38.815
  40.413
  40.486
  39.452
  40.822
  41.167
  40.428
  40.177
  38.452
  40.501
  41.425
  38.709
  37.635
  40.013
  41.580
  39.648
  37.945
  39.773
  42.164
  41.104
  38.104
  39.718
  41.463
  39.050
  38.798
  39.789
  39.972
  41.483
  40.209
  41.180
  38.839
  37.845
  39.699
  42.466
  39.128
  39.093
  40.690
  40.969
  40.260
  38.626
  38.308
  42.060
  42.047
  37.766
  39.090
  41.419
  38.998
  38.596
  38.616
  41.406
  41.495
  40.947
  40.861
  40.475
  40.849
  39.790
  38.922
  40.035
  41.921
  39.095
  41.076
  41.501
  37.602
  39.898
  42.856
  37.513
  38.033
  43.013
  39.187
  40.067
  38.848
  40.162
  41.684
  41.176
  39.616
  40.283
  39.450
  39.460
  42.716
  39.356
  39.559
  39.662
  39.956
  39.801
  39.301
  41.568
  42.086
  37.814
  38.532
  39.953
  40.463
  40.923
  40.553
  40.678
  41.088
  40.917
  40.012
  38.647
  39.187
  41.441
  41.990
  40.181
  39.902
  39.537
  41.143
  42.204
  40.511
  39.985
  40.477
  38.436
  40.662
  42.334
  38.574
  38.474
  39.612
  41.700
  42.393
  36.942
  38.217
  41.514
  41.864
  40.908
  37.858
  38.733
  40.278
  39.016
  38.578
  41.246
  41.313
  40.476
  40.416
  40.590
  40.200
  39.557
  40.678
  39.535
  40.040
  40.166
  42.196
  40.333
  39.539
  38.441
  41.075
  42.491
  38.516
  38.677
  40.108
  42.248
  39.477
  37.232
  38.804
  40.857
  40.690
  39.264
  40.379
  40.671
  38.955
  37.641
  41.591
  41.950
  40.918
  37.701
  39.564
  40.957
  40.214
  39.494
  38.463
  40.296
  40.662
  39.675
  38.917
  41.526
  39.998
  38.230
  38.410
  40.847
  41.954
  41.681
  37.908
  37.589
  40.473
  39.835
  39.947
  40.257
  41.627
  39.593
  41.033
  39.023
  39.712
  38.289
  39.243
  41.529
  40.333
  41.290
  37.835
  39.484
  41.617
  40.142
  38.307
  39.463
  39.282
  41.466
  39.020
  40.440
  39.607
  39.568
  38.417
  40.558
  42.749
  38.874
  38.128
  40.891
  42.145
  40.190
  38.217
  39.496
  39.768
  39.592
  39.363
  38.468
  40.404
  40.903
  39.938
  38.760
  39.634
  41.429
  42.647
  40.087
  38.816
  39.135
  40.950
  39.309
  39.082
  39.998
  40.711
  38.755
  39.488
  40.614
  39.591
  39.048
  40.234
  39.277
  40.378
  42.145
  39.191
  38.416
  39.404
  41.303
  40.619
  38.722
  41.544
  39.403
  39.740
  40.964
  39.840
  40.905
  40.607
  40.726
  37.630
  39.167
  42.334
  38.885
  38.441
  39.705
  39.202
  41.041
  38.785
  39.459
  41.229
  40.442
  37.260
  39.636
  42.231
  40.055
  38.080
  40.099
  41.933
  40.172
  39.089
  38.438
  39.994
  40.879
  39.372
  38.554
  39.162
  40.298
  40.721
  40.443
  38.845
  41.446
  39.965
  38.891
  39.886
  40.472
  39.690
  38.844
  40.235
  40.832
  40.377
  39.754
  38.397
  39.386
  42.747
  40.804
  38.332
  39.007
  40.317
  38.972
  37.914
  40.984
  40.179
  38.648
  41.000
  40.812
  38.207
  40.233
  39.747
  37.465
  38.882
  43.438
  42.317
  39.082
  38.077
  40.245
  40.399
  40.605
  38.339
  38.361
  40.396
  41.076
  40.776
  38.397
  38.090
  41.145
  41.856
  40.621
  39.584
  40.208
  40.090
  39.066
  41.183
  39.854
  40.674
  40.227
  37.915
  39.181
  42.181
  39.167
  40.591
  38.985
  39.701
  42.444
  41.333
  40.101
  38.407
  41.454
  41.622
  40.871
  39.461
  38.004
  39.904
  41.723
  38.857
  39.709
  39.936
  39.884
  40.609
  40.083
  41.295
  38.805
  39.713
  40.151
  40.762
  39.212
  38.912
  39.670
  40.656
  39.251
  40.117
  38.461
  41.177
  41.372
  40.908
  39.295
  40.398
  39.515
  39.849
  40.054
  39.313
  39.621
  39.639
  40.313
  39.782
  38.485
  41.034
  40.539
  41.010
  40.362
  38.448
  37.668
  39.944
  40.880
  39.883
  40.536
  39.577
  39.321
  40.046
  40.864
  39.597
  39.353
  39.401
  42.727
  41.905
  37.992
  38.777
  38.694
  40.614
  41.436
  40.399
  39.415
  40.434
  40.084
  40.311
  40.137
  39.483
  38.944
  40.068
  42.191
  40.604
  37.246
  40.567
  42.515
  40.120
  38.827
  40.066
  39.842
  39.578
  39.980
  40.285
  41.200
  39.784
  38.267
  41.081
  40.777
  38.816
  38.981
  41.661
  40.159
  38.722
  39.873
  40.948
  38.727
  38.932
  40.175
  41.104
  40.614
  39.413
  38.156
  40.101
  41.068
  39.748
  39.200
  40.601
  40.383
  37.819
  40.076
  43.238
  39.428
  40.129
  39.646
  41.460
  40.113
  39.161
  40.730
  38.827
  39.197
  38.682
  41.258
  42.303
  40.098
  39.460
  40.257
  39.399
  41.948
  40.092
  39.387
  38.572
  40.171
  41.598
  37.258
  38.720
  40.241
  40.097
  40.595
  41.230
  40.003
  39.647
  40.679
  41.097
  38.136
  39.821
  41.743
  40.713
  41.371
  41.010
  38.592
  38.985
  41.795
  39.795
  39.448
  39.739
  39.451
  39.428
  40.658
  40.178
  39.606
  40.518
  41.037
  39.267
  39.634
  41.943
  41.105
  38.950
  39.123
  40.541
  40.489
  38.916
  40.059
  40.131
  39.364
  40.668
  38.670
  39.655
  38.571
  40.221
  39.197
  38.548
  39.871
  39.677
  41.042
  41.123
  39.831
  39.151
  40.225
  40.548
  39.503
  39.392
  39.826
  40.677
  39.543
  41.586
  42.081
  40.524
  36.970
  40.453
  42.164
  38.812
  39.557
  40.587
  39.252
  41.425
  41.896
  39.383
  38.466
  40.805
  39.530
  39.998
  40.735
  41.680
  41.851
  38.740
  38.431
  40.761
  40.348
  40.456
  39.472
  38.284
  41.025
  40.668
  38.796
  39.796
  40.896
  37.734
  39.610
  41.652
  40.535
  38.913
  40.305
  39.440
  39.282
  38.067
  40.863
  40.730
  38.334
  38.359
  40.015
  40.083
  41.071
  40.311
  40.380
  39.802
  38.292
  40.805
  40.004
  39.804
  38.637
  42.084
  41.808
  38.490
  38.128
  39.839
  43.115
  40.141
  38.292
  40.580
  38.880
  38.352
  40.036
  40.739
  40.010
  37.632
  40.470
  40.570
  39.935
  38.486
  42.060
  40.963
  39.545
  40.270
  40.024
  39.125
  40.704
  41.091
  38.170
  40.728
  40.385
  40.123
  38.823
  38.573
  41.418
  39.848
  39.697
  40.500
  41.409
  40.739
  39.438
  40.347
  38.944
  38.635
  39.979
  42.077
  41.028
  39.347
  39.897
  40.087
  40.591
  40.090
  41.074
  39.835
  40.305
  39.737
  40.631
  40.009
  39.977
  40.727
  40.245
  38.989
  40.396
  37.955
  37.522
  40.832
  41.217
  40.398
  37.432
  38.764
  40.958
  40.209
  37.702
  39.350
  41.053
  39.890
  39.285
  40.335
  41.793
  39.526
  38.450
  40.821
  41.753
  40.289
  40.279
  41.127
  41.331
  40.756
  39.004
  40.821
  41.240
  39.431
  40.004
  39.612
  40.090
  40.218
  40.090
  40.720
  37.951
  39.647
  41.804
  39.524
  39.553
  40.623
  40.051
  39.241
  40.500
  40.388
  39.517
  38.364
  39.906
  41.655
  39.343
  38.806
  40.947
  41.114
  39.727
  41.430
  39.682
  40.181
  40.808
  40.269
  40.517
  40.342
  38.747
  41.231
  41.129
  37.753
  39.201
  41.301
  40.993
  39.712
  37.647
  39.108
  39.992
  40.587
  39.050
  39.717
  40.339
  39.728
  38.004
  39.016
  41.179
  39.586
  40.069
  40.275
  39.131
  38.911
  41.201
  40.890
  40.895
  39.059
  40.804
  39.859
  39.399
  39.262
  40.700
  40.023
  41.658
  39.436
  41.718
  42.529
  38.050
  38.656
  40.402
  40.480
  41.433
  41.344
  39.679
  38.694
  40.273
  38.645
  40.452
  40.886
  38.451
  39.353
  38.893
  41.051
  41.904
  39.340
  38.042
  40.389
  41.137
  40.062
  39.717
  40.084
  41.389
  41.453
  38.997
  37.925
  39.982
  40.403
  38.898
  39.692
  40.808
  40.032
  40.038
  40.207
  39.931
  38.542
  39.235
  39.206
  39.928
  38.938
  39.138
  40.833
  39.201
  39.156
  40.565
  38.452
  38.550
  39.509
  41.974
  42.004
  39.903
  39.925
  40.518
  39.901
  40.564
  40.975
  38.061
  38.601
  40.631
  41.196
  40.626
  40.433
  38.607
  40.350
  39.359
  38.924
  40.016
  40.512
  40.408
  40.971
  39.884
  39.267
  39.562
  41.239
  40.252
  37.972
  41.338
  42.126
  38.841
  39.256
  39.510
  40.654
  40.108
  39.236
  39.631
  39.902
  39.848
  40.640
  41.081
  38.133
  39.458
  42.156
  41.784
  40.848
  38.249
  38.957
  40.905
  38.437
  39.449
  39.469
  37.737
  39.890
  40.576
  40.253
  40.287
  38.775
  39.590
  40.662
  40.109
  39.827
  39.019
  40.308
  39.213
  40.405
  41.484
  40.619
  40.246
  38.634
  41.756
  41.277
  39.097
  38.193
  38.615
  40.830
  39.750
  40.537
  38.986
  39.712
  40.241
  40.795
  39.260
  38.640
  39.113
  42.274
  38.083
  37.409
  40.718
  41.790
  39.737
  38.847
  40.038
  38.983
  40.677
  40.806
  38.551
  40.528
  40.183
  39.975
  40.507
  39.656
  41.401
  42.178
  40.266
  39.366
  40.220
  41.474
  39.419
  39.689
  39.332
  40.889
  40.873
  38.102
  39.383
  39.172
  39.362
  38.983
  39.764
  41.336
  39.030
  39.707
  39.253
  40.164
  39.616
  38.779
  41.171
  42.371
  38.646
  39.393
  39.510
  40.208
  39.534
  40.856
  40.272
  38.028
  39.784
  41.474